2 0.7190553745928339 0.645909645909646 0.0993485342019544 0.06593406593406594
1 0.25895765472312704 0.3321123321123321 0.08143322475570032 0.05128205128205128
3 0.21254071661237786 0.27411477411477414 0.06351791530944625 0.03785103785103785
3 0.494299674267101 0.2576312576312576 0.07003257328990228 0.03663003663003663
3 0.8061889250814332 0.25824175824175827 0.035830618892508145 0.03540903540903541
3 0.7019543973941368 0.32783882783882784 0.05211726384364821 0.03540903540903541
3 0.494299674267101 0.3247863247863248 0.050488599348534204 0.02197802197802198
3 0.49022801302931596 0.3992673992673993 0.05863192182410423 0.03663003663003663
3 0.5814332247557004 0.4010989010989011 0.04560260586319218 0.03296703296703297
3 0.5903908794788274 0.47741147741147744 0.050488599348534204 0.03907203907203907
3 0.7060260586319218 0.47435897435897434 0.04071661237785016 0.040293040293040296
3 0.8314332247557004 0.47985347985347987 0.03745928338762215 0.04151404151404151
3 0.8599348534201955 0.7466422466422467 0.05211726384364821 0.045177045177045176
3 0.5952768729641694 0.5616605616605617 0.0732899022801303 0.03907203907203907
3 0.4731270358306189 0.5586080586080586 0.057003257328990226 0.03785103785103785
3 0.4796416938110749 0.6501831501831502 0.057003257328990226 0.050061050061050064
3 0.4755700325732899 0.7362637362637363 0.12052117263843648 0.0463980463980464
3 0.24267100977198697 0.6422466422466423 0.05863192182410423 0.03418803418803419
3 0.1254071661237785 0.7362637362637363 0.04560260586319218 0.05372405372405373
3 0.1758957654723127 0.47924297924297926 0.048859934853420196 0.042735042735042736
3 0.26302931596091206 0.47680097680097683 0.04723127035830619 0.042735042735042736
3 0.3737785016286645 0.4084249084249084 0.04723127035830619 0.03785103785103785
3 0.36726384364820847 0.48412698412698413 0.04723127035830619 0.03296703296703297
3 0.36563517915309446 0.5616605616605617 0.06026058631921824 0.0463980463980464
0 0.5447882736156352 0.514041514041514 0.8029315960912052 0.5714285714285714
