2 0.704 0.4380952380952381 0.064 0.0761904761904762
2 0.728 0.6428571428571429 0.068 0.09841269841269841
2 0.952 0.5523809523809524 0.068 0.0761904761904762
2 0.564 0.5047619047619047 0.072 0.08253968253968254
2 0.276 0.44285714285714284 0.056 0.08571428571428572
2 0.15 0.2523809523809524 0.052 0.05396825396825397
2 0.251 0.14761904761904762 0.054 0.047619047619047616
1 0.493 0.6603174603174603 0.078 0.08253968253968254
1 0.339 0.5761904761904761 0.078 0.08571428571428572
1 0.345 0.4523809523809524 0.058 0.07301587301587302
1 0.306 0.28888888888888886 0.064 0.08253968253968254
1 0.243 0.653968253968254 0.07 0.08253968253968254
3 0.363 0.3492063492063492 0.034 0.050793650793650794
3 0.496 0.3412698412698413 0.032 0.04126984126984127
3 0.5 0.2968253968253968 0.036 0.02857142857142857
3 0.688 0.29365079365079366 0.036 0.03492063492063492
3 0.627 0.35079365079365077 0.046 0.04126984126984127
3 0.638 0.4523809523809524 0.036 0.047619047619047616
3 0.558 0.3984126984126984 0.024 0.02857142857142857
3 0.564 0.45396825396825397 0.032 0.031746031746031744
3 0.432 0.3984126984126984 0.028 0.04126984126984127
3 0.42 0.4492063492063492 0.032 0.047619047619047616
3 0.421 0.5079365079365079 0.034 0.0380952380952381
3 0.492 0.5158730158730159 0.036 0.047619047619047616
3 0.492 0.5777777777777777 0.048 0.06349206349206349
3 0.65 0.5857142857142857 0.048 0.04126984126984127
