2 0.2980456026058632 0.46764346764346765 0.08794788273615635 0.05372405372405373
1 0.7198697068403909 0.29914529914529914 0.0781758957654723 0.05372405372405373
3 0.21172638436482086 0.25213675213675213 0.05211726384364821 0.030525030525030524
3 0.5146579804560261 0.2490842490842491 0.05211726384364821 0.03663003663003663
3 0.8232899022801303 0.2454212454212454 0.07003257328990228 0.0463980463980464
3 0.5146579804560261 0.31868131868131866 0.06514657980456026 0.03663003663003663
3 0.2956026058631922 0.32783882783882784 0.07003257328990228 0.045177045177045176
3 0.18078175895765472 0.47680097680097683 0.06840390879478828 0.050061050061050064
3 0.3925081433224756 0.4700854700854701 0.06188925081433225 0.03663003663003663
3 0.3949511400651466 0.40293040293040294 0.06026058631921824 0.03907203907203907
3 0.510586319218241 0.3968253968253968 0.06677524429967427 0.04151404151404151
3 0.6148208469055375 0.3962148962148962 0.0732899022801303 0.040293040293040296
3 0.6213355048859935 0.4706959706959707 0.04723127035830619 0.02564102564102564
3 0.752442996742671 0.47435897435897434 0.08794788273615635 0.042735042735042736
3 0.8648208469055375 0.4713064713064713 0.05537459283387622 0.02442002442002442
3 0.6213355048859935 0.5494505494505495 0.05374592833876222 0.029304029304029304
3 0.5130293159609121 0.5622710622710623 0.0781758957654723 0.045177045177045176
3 0.3933224755700326 0.5683760683760684 0.06351791530944625 0.03785103785103785
3 0.5219869706840391 0.6544566544566545 0.07003257328990228 0.04395604395604396
3 0.7662866449511401 0.6495726495726496 0.07980456026058631 0.03663003663003663
3 0.9120521172638436 0.7374847374847375 0.06840390879478828 0.04395604395604396
3 0.50814332247557 0.73992673992674 0.06188925081433225 0.05860805860805861
3 0.2744299674267101 0.6599511599511599 0.0732899022801303 0.03785103785103785
3 0.15472312703583063 0.7417582417582418 0.0781758957654723 0.054945054945054944
0 0.5415309446254072 0.5042735042735043 0.9104234527687296 0.63003663003663
