2 0.2760586319218241 0.41452991452991456 0.11237785016286644 0.06715506715506715
1 0.7214983713355049 0.39255189255189255 0.09446254071661238 0.06227106227106227
3 0.18729641693811075 0.22283272283272285 0.06514657980456026 0.040293040293040296
3 0.4788273615635179 0.20146520146520147 0.07166123778501629 0.029304029304029304
3 0.7866449511400652 0.1978021978021978 0.0781758957654723 0.04884004884004884
3 0.6954397394136808 0.2564102564102564 0.0781758957654723 0.03907203907203907
3 0.8420195439739414 0.3992673992673993 0.07166123778501629 0.05616605616605617
3 0.8982084690553745 0.6538461538461539 0.07654723127035831 0.06471306471306472
3 0.759771986970684 0.5683760683760684 0.0732899022801303 0.03785103785103785
3 0.5879478827361564 0.33577533577533575 0.0749185667752443 0.03418803418803419
3 0.6091205211726385 0.416971916971917 0.06840390879478828 0.03785103785103785
3 0.6107491856677525 0.4835164835164835 0.05211726384364821 0.04395604395604396
3 0.500814332247557 0.4987789987789988 0.06351791530944625 0.045177045177045176
3 0.497557003257329 0.5811965811965812 0.06677524429967427 0.04884004884004884
3 0.498371335504886 0.6837606837606838 0.0749185667752443 0.03418803418803419
3 0.2679153094462541 0.5921855921855922 0.07654723127035831 0.04151404151404151
3 0.1457654723127036 0.6825396825396826 0.07003257328990228 0.06105006105006105
3 0.3745928338762215 0.5018315018315018 0.06514657980456026 0.03907203907203907
3 0.36644951140065146 0.4194139194139194 0.05863192182410423 0.040293040293040296
3 0.3786644951140065 0.34676434676434675 0.07003257328990228 0.04395604395604396
3 0.48534201954397393 0.33455433455433453 0.08143322475570032 0.03907203907203907
3 0.48859934853420195 0.26495726495726496 0.06188925081433225 0.03663003663003663
3 0.2711726384364821 0.2851037851037851 0.05374592833876222 0.03540903540903541
3 0.15716612377850162 0.4267399267399267 0.057003257328990226 0.03540903540903541
