2 0.7076547231270358 0.6935286935286935 0.08306188925081433 0.07326007326007326
1 0.4780130293159609 0.3058608058608059 0.08631921824104234 0.050061050061050064
3 0.1995114006514658 0.3125763125763126 0.06351791530944625 0.03907203907203907
3 0.26547231270358307 0.3724053724053724 0.05537459283387622 0.026862026862026864
3 0.4763843648208469 0.37362637362637363 0.0732899022801303 0.03418803418803419
3 0.6783387622149837 0.36996336996337 0.06026058631921824 0.04395604395604396
3 0.7809446254071661 0.3046398046398046 0.050488599348534204 0.03785103785103785
3 0.8061889250814332 0.5177045177045178 0.05211726384364821 0.04151404151404151
3 0.6929967426710097 0.5225885225885226 0.06677524429967427 0.04884004884004884
3 0.5822475570032574 0.5256410256410257 0.06351791530944625 0.040293040293040296
3 0.5708469055374593 0.44871794871794873 0.06026058631921824 0.042735042735042736
3 0.4755700325732899 0.4413919413919414 0.05537459283387622 0.042735042735042736
3 0.36400651465798045 0.452991452991453 0.06026058631921824 0.03663003663003663
3 0.36482084690553745 0.5286935286935287 0.06188925081433225 0.0463980463980464
3 0.36237785016286644 0.6068376068376068 0.07654723127035831 0.03663003663003663
3 0.4723127035830619 0.6105006105006106 0.048859934853420196 0.04395604395604396
3 0.5814332247557004 0.5989010989010989 0.05863192182410423 0.050061050061050064
3 0.4714983713355049 0.6923076923076923 0.07654723127035831 0.04884004884004884
3 0.4592833876221498 0.7893772893772893 0.07166123778501629 0.050061050061050064
3 0.8436482084690554 0.7832722832722833 0.06188925081433225 0.030525030525030524
3 0.248371335504886 0.6923076923076923 0.04723127035830619 0.04151404151404151
3 0.255700325732899 0.5183150183150184 0.05863192182410423 0.050061050061050064
3 0.15309446254071662 0.5183150183150184 0.05537459283387622 0.050061050061050064
3 0.12214983713355049 0.7857142857142857 0.06514657980456026 0.047619047619047616
