2 0.6164495114006515 0.46153846153846156 0.08306188925081433 0.05128205128205128
1 0.5171009771986971 0.6257631257631258 0.07980456026058631 0.057387057387057384
3 0.16938110749185667 0.28876678876678874 0.048859934853420196 0.03785103785103785
3 0.2931596091205212 0.3803418803418803 0.08143322475570032 0.06227106227106227
3 0.5285016286644951 0.38583638583638585 0.06026058631921824 0.03907203907203907
3 0.5382736156351792 0.3156288156288156 0.08631921824104234 0.050061050061050064
3 0.8257328990228013 0.3241758241758242 0.05863192182410423 0.03785103785103785
3 0.7263843648208469 0.3901098901098901 0.04234527687296417 0.05982905982905983
3 0.5203583061889251 0.4597069597069597 0.050488599348534204 0.042735042735042736
3 0.40390879478827363 0.4633699633699634 0.08794788273615635 0.042735042735042736
3 0.40390879478827363 0.5427350427350427 0.0749185667752443 0.042735042735042736
3 0.4210097719869707 0.6263736263736264 0.05374592833876222 0.03418803418803419
3 0.30456026058631924 0.554945054945055 0.05537459283387622 0.050061050061050064
3 0.18078175895765472 0.5451770451770451 0.06840390879478828 0.057387057387057384
3 0.1750814332247557 0.8223443223443223 0.0993485342019544 0.042735042735042736
3 0.30456026058631924 0.7216117216117216 0.09446254071661238 0.02197802197802198
3 0.5228013029315961 0.721001221001221 0.04560260586319218 0.028083028083028084
3 0.5211726384364821 0.7973137973137974 0.04560260586319218 0.031746031746031744
3 0.7271986970684039 0.7014652014652014 0.057003257328990226 0.03785103785103785
3 0.8053745928338762 0.7692307692307693 0.05374592833876222 0.031746031746031744
3 0.8265472312703583 0.5500610500610501 0.050488599348534204 0.040293040293040296
3 0.7206840390879479 0.5494505494505495 0.043973941368078175 0.03418803418803419
3 0.6384364820846905 0.557997557997558 0.05537459283387622 0.04395604395604396
3 0.6302931596091205 0.6251526251526252 0.05537459283387622 0.031746031746031744
