2 0.36237785016286644 0.5915750915750916 0.07980456026058631 0.06715506715506715
1 0.48859934853420195 0.28144078144078144 0.08469055374592833 0.050061050061050064
3 0.19136807817589577 0.2851037851037851 0.057003257328990226 0.042735042735042736
3 0.2785016286644951 0.3534798534798535 0.05211726384364821 0.040293040293040296
3 0.498371335504886 0.34737484737484736 0.0749185667752443 0.03785103785103785
3 0.6946254071661238 0.3431013431013431 0.07654723127035831 0.04884004884004884
3 0.8102605863192183 0.27594627594627597 0.04723127035830619 0.04395604395604396
3 0.8412052117263844 0.4987789987789988 0.06026058631921824 0.05982905982905983
3 0.7133550488599348 0.4987789987789988 0.05537459283387622 0.052503052503052504
3 0.7288273615635179 0.6788766788766789 0.06026058631921824 0.05372405372405373
3 0.8713355048859935 0.7777777777777778 0.07166123778501629 0.0463980463980464
3 0.5944625407166124 0.5054945054945055 0.06188925081433225 0.03907203907203907
3 0.5887622149837134 0.42735042735042733 0.057003257328990226 0.03907203907203907
3 0.48941368078175895 0.4188034188034188 0.06026058631921824 0.04395604395604396
3 0.3713355048859935 0.43223443223443225 0.06188925081433225 0.03907203907203907
3 0.3697068403908795 0.5079365079365079 0.05537459283387622 0.04395604395604396
3 0.26302931596091206 0.5067155067155067 0.0732899022801303 0.0463980463980464
3 0.15309446254071662 0.4987789987789988 0.05211726384364821 0.057387057387057384
3 0.11807817589576547 0.7667887667887668 0.050488599348534204 0.06349206349206349
3 0.24348534201954397 0.6831501831501832 0.06677524429967427 0.045177045177045176
3 0.4771986970684039 0.6831501831501832 0.06188925081433225 0.045177045177045176
3 0.48697068403908794 0.5958485958485958 0.0781758957654723 0.04395604395604396
3 0.5912052117263844 0.5781440781440782 0.06514657980456026 0.042735042735042736
3 0.4812703583061889 0.7802197802197802 0.08957654723127036 0.06837606837606838
0 0.5439739413680782 0.5402930402930403 0.8534201954397395 0.6092796092796092
