2 0.9340390879478827 0.7472527472527473 0.12214983713355049 0.06837606837606838
1 0.26221498371335505 0.373015873015873 0.08143322475570032 0.042735042735042736
3 0.4828990228013029 0.28876678876678874 0.06026058631921824 0.03296703296703297
3 0.7882736156351792 0.268009768009768 0.048859934853420196 0.03540903540903541
3 0.6962540716612378 0.3492063492063492 0.057003257328990226 0.03907203907203907
3 0.7345276872964169 0.4945054945054945 0.06514657980456026 0.05128205128205128
3 0.8444625407166124 0.48717948717948717 0.04723127035830619 0.04884004884004884
3 0.750814332247557 0.6636141636141636 0.04234527687296417 0.03296703296703297
3 0.6221498371335505 0.5805860805860806 0.06514657980456026 0.03540903540903541
3 0.6042345276872965 0.4993894993894994 0.0781758957654723 0.04395604395604396
3 0.6001628664495114 0.42857142857142855 0.07003257328990228 0.0463980463980464
3 0.506514657980456 0.43040293040293043 0.0781758957654723 0.03540903540903541
3 0.48452768729641693 0.3553113553113553 0.0732899022801303 0.03907203907203907
3 0.19218241042345277 0.31684981684981683 0.06188925081433225 0.02564102564102564
3 0.18322475570032573 0.5256410256410257 0.057003257328990226 0.040293040293040296
3 0.2923452768729642 0.5195360195360196 0.08631921824104234 0.047619047619047616
3 0.39087947882736157 0.5128205128205128 0.06840390879478828 0.04395604395604396
3 0.3770358306188925 0.4468864468864469 0.06351791530944625 0.03907203907203907
3 0.38517915309446255 0.594017094017094 0.04723127035830619 0.02564102564102564
3 0.510586319218241 0.5903540903540904 0.08306188925081433 0.03785103785103785
3 0.5187296416938111 0.6770451770451771 0.0732899022801303 0.03540903540903541
3 0.5219869706840391 0.7667887667887668 0.07003257328990228 0.04395604395604396
3 0.2923452768729642 0.6910866910866911 0.06677524429967427 0.03907203907203907
3 0.1734527687296417 0.7893772893772893 0.050488599348534204 0.040293040293040296
