2 0.8737785016286646 0.5006105006105006 0.08957654723127036 0.04884004884004884
1 0.2671009771986971 0.3766788766788767 0.08794788273615635 0.050061050061050064
3 0.504071661237785 0.29242979242979245 0.07003257328990228 0.028083028083028084
3 0.8127035830618893 0.28083028083028083 0.06188925081433225 0.04151404151404151
3 0.7109120521172638 0.35592185592185593 0.07654723127035831 0.045177045177045176
3 0.749185667752443 0.5073260073260073 0.06840390879478828 0.050061050061050064
3 0.7801302931596091 0.684981684981685 0.06840390879478828 0.03907203907203907
3 0.9267100977198697 0.7747252747252747 0.0749185667752443 0.040293040293040296
3 0.5333876221498371 0.7948717948717948 0.05374592833876222 0.03418803418803419
3 0.5317589576547231 0.699023199023199 0.06677524429967427 0.030525030525030524
3 0.6311074918566775 0.5952380952380952 0.06351791530944625 0.03540903540903541
3 0.6262214983713354 0.5128205128205128 0.057003257328990226 0.029304029304029304
3 0.6107491856677525 0.43772893772893773 0.03908794788273615 0.03540903540903541
3 0.50814332247557 0.44017094017094016 0.04560260586319218 0.030525030525030524
3 0.504885993485342 0.362026862026862 0.05537459283387622 0.02564102564102564
3 0.1978827361563518 0.31684981684981683 0.043973941368078175 0.02564102564102564
3 0.18322475570032573 0.5378510378510378 0.04723127035830619 0.03540903540903541
3 0.2907166123778502 0.5366300366300366 0.02768729641693811 0.040293040293040296
3 0.3965798045602606 0.5299145299145299 0.03745928338762215 0.029304029304029304
3 0.38762214983713356 0.4536019536019536 0.06514657980456026 0.050061050061050064
3 0.40553745928338764 0.615995115995116 0.07166123778501629 0.03540903540903541
3 0.5203583061889251 0.6092796092796092 0.06677524429967427 0.03663003663003663
3 0.30211726384364823 0.7124542124542125 0.07654723127035831 0.045177045177045176
3 0.1767100977198697 0.8107448107448108 0.06026058631921824 0.04395604395604396
