0 0.5026315789473684 0.5718562874251497 0.5947368421052631 0.6766467065868264
1 0.22894736842105262 0.5658682634730539 0.08947368421052632 0.12574850299401197
1 0.3263157894736842 0.562874251497006 0.10526315789473684 0.1317365269461078
1 0.5026315789473684 0.27245508982035926 0.1 0.11377245508982035
1 0.48947368421052634 0.344311377245509 0.11578947368421053 0.07784431137724551
1 0.6894736842105263 0.7724550898203593 0.08421052631578947 0.11976047904191617
1 0.0868421052631579 0.3083832335329341 0.07894736842105263 0.08982035928143713
1 0.07894736842105263 0.38023952095808383 0.07368421052631578 0.11377245508982035
1 0.08947368421052632 0.4491017964071856 0.08421052631578947 0.09580838323353294
1 0.07894736842105263 0.5029940119760479 0.08421052631578947 0.10778443113772455
2 0.3263157894736842 0.7724550898203593 0.10526315789473684 0.11976047904191617
2 0.5 0.7754491017964071 0.09473684210526316 0.12574850299401197
2 0.5052631578947369 0.47005988023952094 0.10526315789473684 0.12574850299401197
2 0.6789473684210526 0.562874251497006 0.09473684210526316 0.1317365269461078
2 0.9105263157894737 0.31137724550898205 0.09473684210526316 0.10778443113772455
2 0.9105263157894737 0.3712574850299401 0.09473684210526316 0.10778443113772455
2 0.9026315789473685 0.437125748502994 0.12105263157894737 0.0718562874251497
2 0.9026315789473685 0.5 0.11052631578947368 0.08982035928143713
2 0.9052631578947369 0.5778443113772455 0.07368421052631578 0.12574850299401197
3 0.7552631578947369 0.27844311377245506 0.08947368421052632 0.08982035928143713
3 0.6763157894736842 0.37425149700598803 0.07894736842105263 0.10179640718562874
3 0.7710526315789473 0.5748502994011976 0.04736842105263158 0.10778443113772455
3 0.5921052631578947 0.5658682634730539 0.05789473684210526 0.08982035928143713
3 0.5815789473684211 0.47305389221556887 0.04736842105263158 0.11976047904191617
3 0.23684210526315788 0.2844311377245509 0.07368421052631578 0.10179640718562874
3 0.31842105263157894 0.36227544910179643 0.05789473684210526 0.05389221556886228
3 0.4105263157894737 0.47604790419161674 0.07368421052631578 0.08982035928143713
3 0.4026315789473684 0.5718562874251497 0.07894736842105263 0.08982035928143713
3 0.4052631578947368 0.655688622754491 0.07368421052631578 0.07784431137724551
3 0.49473684210526314 0.6586826347305389 0.07368421052631578 0.08383233532934131
3 0.5789473684210527 0.6826347305389222 0.07368421052631578 0.10778443113772455
3 0.24473684210526317 0.8592814371257484 0.07894736842105263 0.12574850299401197
3 0.5157894736842106 0.8802395209580839 0.08421052631578947 0.04790419161676647
3 0.7710526315789473 0.8772455089820359 0.04736842105263158 0.10179640718562874
