0 0.50 0.47 0.95 0.85
3 0.07 0.07 0.06 0.06
3 0.07 0.46 0.06 0.07
3 0.07 0.86 0.06 0.06
3 0.93 0.06 0.06 0.06
3 0.93 0.46 0.06 0.07
3 0.93 0.86 0.06 0.06
3 0.5 0.07 0.06 0.06
3 0.5 0.86 0.06 0.06
3 0.38 0.46 0.07 0.07
3 0.62 0.46 0.07 0.07
3 0.38 0.35 0.07 0.07
3 0.22 0.22 0.08 0.07
3 0.49 0.22 0.08 0.07
3 0.77 0.22 0.07 0.07
3 0.5 0.35 0.07 0.07
3 0.63 0.35 0.07 0.07
3 0.23 0.46 0.07 0.07
3 0.77 0.46 0.07 0.07
3 0.38 0.58 0.07 0.07
3 0.5 0.58 0.07 0.07
3 0.63 0.58 0.07 0.07
3 0.23 0.72 0.07 0.07
3 0.5 0.72 0.07 0.07
3 0.77 0.72 0.07 0.07