0 0.5 0.5 0.95 0.95
3 0.87 0.84 0.06 0.07
3 0.74 0.71 0.06 0.07
1  0.13 0.85 0.09 0.09
2 0.51 0.85 0.08 0.09
1 0.51 0.71 0.08 0.09
2 0.17 0.43 0.08 0.09
3 0.19 0.12 0.07 0.07
1 0.36 0.3 0.07 0.09
2 0.49 0.29 0.07 0.09
1 0.6 0.29 0.07 0.09
3 0.48 0.12 0.07 0.09
3 0.77 0.12 0.07 0.09
3 0.28 0.21 0.07 0.09
3 0.48 0.21 0.07 0.07
3 0.69 0.21 0.07 0.07
1 0.27 0.43 0.07 0.09
2 0.37 0.43 0.07 0.09
2 0.62 0.42 0.07 0.09
2 0.72 0.42 0.08 0.09
1 0.81 0.42 0.08 0.09
1 0.36 0.56 0.08 0.09
3 0.5 0.58 0.07 0.08
2 0.63 0.59 0.08 0.09
2 0.25 0.71 0.08 0.09