0 0.5 0.5 0.98 0.98
3 0.05 0.05 0.07 0.07
3 0.95 0.05 0.07 0.07
3 0.05 0.95 0.07 0.07
3 0.95 0.95 0.07 0.07
3 0.50 0.05 0.07 0.07
3 0.50 0.95 0.07 0.07
3 0.05 0.50 0.07 0.07
3 0.95 0.50 0.07 0.07
3 0.2 0.2 0.07 0.07
3 0.2 0.5 0.07 0.07
3 0.2 0.8 0.07 0.07
3 0.5 0.2 0.07 0.07
3 0.5 0.8 0.07 0.07
3 0.8 0.2 0.07 0.07
3 0.8 0.5 0.07 0.07
3 0.8 0.8 0.07 0.07
3 0.35 0.35 0.07 0.07
3 0.5 0.35 0.07 0.07
3 0.65 0.35 0.07 0.07
3 0.35 0.65 0.07 0.07
3 0.5 0.65 0.07 0.07
3 0.65 0.65 0.07 0.07
3 0.35 0.5 0.07 0.07
3 0.65 0.5 0.07 0.07
