0 0.531578947368421 0.4710526315789474 0.8631578947368421 0.8473684210526315
1 0.6684210526315789 0.3368421052631579 0.08421052631578947 0.09473684210526316
1 0.6684210526315789 0.4710526315789474 0.09473684210526316 0.11052631578947368
1 0.6684210526315789 0.6052631578947368 0.09473684210526316 0.10526315789473684
1 0.531578947368421 0.7368421052631579 0.07368421052631578 0.09473684210526316
1 0.5342105263157895 0.8763157894736842 0.08947368421052632 0.08947368421052632
2 0.26052631578947366 0.47368421052631576 0.08947368421052632 0.09473684210526316
2 0.4 0.47368421052631576 0.07368421052631578 0.09473684210526316
2 0.8 0.20526315789473684 0.08421052631578947 0.12631578947368421
2 0.7973684210526316 0.46842105263157896 0.08947368421052632 0.10526315789473684
2 0.8 0.7315789473684211 0.10526315789473684 0.11578947368421053
2 0.26842105263157895 0.7342105263157894 0.08421052631578947 0.12105263157894737
3 0.12368421052631579 0.07105263157894737 0.05789473684210526 0.05789473684210526
3 0.5263157894736842 0.06842105263157895 0.09473684210526316 0.06315789473684211
3 0.9236842105263158 0.06315789473684211 0.06842105263157895 0.07368421052631578
3 0.9315789473684211 0.4763157894736842 0.07368421052631578 0.08947368421052632
3 0.5342105263157895 0.20789473684210527 0.05789473684210526 0.1
3 0.2631578947368421 0.21052631578947367 0.06315789473684211 0.07368421052631578
3 0.4 0.33421052631578946 0.05263157894736842 0.07894736842105263
3 0.5342105263157895 0.3368421052631579 0.06842105263157895 0.07368421052631578
3 0.13421052631578947 0.4631578947368421 0.04736842105263158 0.09473684210526316
3 0.14473684210526316 0.8657894736842106 0.06842105263157895 0.06842105263157895
3 0.9236842105263158 0.8736842105263158 0.05789473684210526 0.07368421052631578
