0 0.52 0.5 0.58 1
3 0.27228327228327226 0.5040509259259259 0.031746031746031744 0.04976851851851852
3 0.33791208791208793 0.4988425925925926 0.021367521367521368 0.06018518518518518
3 0.42796092796092794 0.6678240740740741 0.028083028083028084 0.05555555555555555
3 0.5143467643467643 0.6684027777777778 0.038461538461538464 0.07060185185185185
3 0.6056166056166056 0.5005787037037037 0.03907203907203907 0.07291666666666667
3 0.5976800976800977 0.33622685185185186 0.02564102564102564 0.059027777777777776
3 0.6883394383394383 0.17418981481481483 0.04700854700854701 0.10300925925925926
3 0.7493894993894994 0.036458333333333336 0.038461538461538464 0.05439814814814815
3 0.7576312576312576 0.4820601851851852 0.03296703296703297 0.07291666666666667
3 0.6910866910866911 0.5011574074074074 0.02197802197802198 0.04398148148148148
3 0.518925518925519 0.8391203703703703 0.029304029304029304 0.06944444444444445
3 0.6947496947496947 0.8414351851851852 0.03785103785103785 0.06481481481481481
1 0.27411477411477414 0.04918981481481482 0.052503052503052504 0.09837962962962964
1 0.34554334554334554 0.17650462962962962 0.047619047619047616 0.1099537037037037
1 0.4362026862026862 0.33969907407407407 0.05067155067155067 0.11226851851851852
1 0.514041514041514 0.1730324074074074 0.05616605616605617 0.12384259259259259
1 0.14163614163614163 0.22858796296296297 0.054945054945054944 0.11458333333333333
1 0.1523199023199023 0.34953703703703703 0.054334554334554336 0.10416666666666667
1 0.1742979242979243 0.4409722222222222 0.056776556776556776 0.09490740740740741
1 0.19505494505494506 0.578125 0.06043956043956044 0.1099537037037037
1 0.12332112332112333 0.4675925925925926 0.05128205128205128 0.11805555555555555
2 0.5115995115995116 0.32233796296296297 0.05128205128205128 0.1099537037037037
2 0.8647741147741148 0.22974537037037038 0.04212454212454213 0.10300925925925926
2 0.8724053724053724 0.3333333333333333 0.0463980463980464 0.1111111111111111
2 0.8489010989010989 0.44849537037037035 0.04700854700854701 0.08680555555555555
2 0.8891941391941391 0.5324074074074074 0.04212454212454213 0.08796296296296297
2 0.8742368742368742 0.7795138888888888 0.05372405372405373 0.10300925925925926
3 0.33760683760683763 0.8321759259259259 0.0231990231990232 0.046296296296296294
3 0.26373626373626374 0.953125 0.02197802197802198 0.019675925925925927
3 0.5146520146520146 0.9519675925925926 0.031746031746031744 0.02199074074074074
3 0.7582417582417582 0.9490740740740741 0.028083028083028084 0.027777777777777776
2 0.5045787545787546 0.041666666666666664 0.057997557997558 0.0763888888888889
2 0.8873626373626373 0.8790509259259259 0.059218559218559216 0.07523148148148148
