0 0.48046875 0.5263671875 0.8779296875 0.5439453125
2 0.2060546875 0.30078125 0.0751953125 0.05859375
2 0.404296875 0.423828125 0.0654296875 0.068359375
2 0.712890625 0.48828125 0.0810546875 0.0703125
2 0.7431640625 0.6611328125 0.1142578125 0.1015625
2 0.162109375 0.7607421875 0.115234375 0.0859375
1 0.26171875 0.490234375 0.0859375 0.072265625
1 0.7607421875 0.2939453125 0.08203125 0.0546875
1 0.623046875 0.5654296875 0.0859375 0.083984375
1 0.4736328125 0.7294921875 0.1044921875 0.068359375
1 0.4833984375 0.6494140625 0.0380859375 0.03125
3 0.8232421875 0.7314453125 0.0458984375 0.033203125
3 0.2705078125 0.6435546875 0.048828125 0.037109375
3 0.3984375 0.564453125 0.0361328125 0.029296875
3 0.4931640625 0.568359375 0.048828125 0.0341796875
3 0.6064453125 0.48828125 0.0478515625 0.029296875
3 0.794921875 0.48828125 0.04296875 0.03125
3 0.6044921875 0.421875 0.0615234375 0.0283203125
3 0.4931640625 0.4248046875 0.048828125 0.0234375
3 0.3994140625 0.490234375 0.037109375 0.015625
3 0.1787109375 0.4951171875 0.048828125 0.0234375
3 0.30078125 0.361328125 0.052734375 0.029296875
3 0.4951171875 0.302734375 0.0576171875 0.0302734375
3 0.4970703125 0.3603515625 0.0615234375 0.037109375
3 0.68359375 0.3564453125 0.048828125 0.0283203125
3 0.1796875 0.0966796875 0.0068359375 0.037109375