2 0.880859375 0.7294921875 0.119140625 0.0966796875
1 0.5556640625 0.6376953125 0.119140625 0.0859375
1 0.76953125 0.51953125 0.1103515625 0.0732421875
3 0.7705078125 0.658203125 0.037109375 0.029296875
3 0.5654296875 0.7353515625 0.0400390625 0.0302734375
2 0.3037109375 0.5048828125 0.0986328125 0.0673828125
2 0.541015625 0.375 0.0888671875 0.060546875
1 0.3134765625 0.3662109375 0.0859375 0.060546875
1 0.8095703125 0.38671875 0.0751953125 0.056640625
3 0.2197265625 0.7294921875 0.05078125 0.021484375
3 0.353515625 0.65234375 0.0400390625 0.0166015625
3 0.47265625 0.5791015625 0.033203125 0.029296875
3 0.6572265625 0.58203125 0.0263671875 0.0205078125
3 0.560546875 0.5830078125 0.0322265625 0.0224609375
3 0.4677734375 0.51953125 0.0283203125 0.0224609375
3 0.6572265625 0.525390625 0.017578125 0.01171875
3 0.55859375 0.4609375 0.0166015625 0.0107421875
3 0.64453125 0.462890625 0.0166015625 0.0107421875
3 0.4677734375 0.4609375 0.017578125 0.01171875
3 0.728515625 0.41796875 0.0166015625 0.009765625
3 0.8505859375 0.53515625 0.0341796875 0.01953125
3 0.5634765625 0.419921875 0.0263671875 0.013671875
3 0.38671875 0.4111328125 0.0361328125 0.0078125
3 0.3779296875 0.517578125 0.0302734375 0.0205078125
0 0.556640625 0.5419921875 0.8642578125 0.5107421875