0 0.5166015625 0.462890625 0.927734375 0.533203125
2 0.73046875 0.580078125 0.0830078125 0.0791015625
2 0.4091796875 0.505859375 0.083984375 0.0693359375
2 0.400390625 0.361328125 0.0859375 0.05859375
2 0.302734375 0.302734375 0.099609375 0.046875
2 0.5068359375 0.22265625 0.1103515625 0.0546875
3 0.216796875 0.2333984375 0.0390625 0.0185546875
3 0.5 0.296875 0.052734375 0.0283203125
3 0.783203125 0.232421875 0.0634765625 0.025390625
3 0.6044921875 0.3681640625 0.0498046875 0.0185546875
3 0.5048828125 0.36328125 0.05078125 0.01953125
3 0.3984375 0.427734375 0.052734375 0.025390625
3 0.1845703125 0.42578125 0.0498046875 0.0263671875
3 0.26953125 0.591796875 0.052734375 0.03515625
3 0.1396484375 0.662109375 0.0556640625 0.037109375
3 0.505859375 0.5830078125 0.037109375 0.0263671875
3 0.505859375 0.5087890625 0.046875 0.0283203125
3 0.615234375 0.5048828125 0.0498046875 0.0322265625
3 0.7177734375 0.4306640625 0.052734375 0.029296875
3 0.8271484375 0.4326171875 0.052734375 0.0234375
3 0.876953125 0.662109375 0.0419921875 0.0224609375
1 0.5126953125 0.6650390625 0.125 0.0859375
1 0.2958984375 0.41796875 0.08984375 0.05859375
1 0.611328125 0.427734375 0.126953125 0.07421875
1 0.6767578125 0.2919921875 0.1279296875 0.0576171875