0 0.5146484375 0.603515625 0.919921875 0.650390625
3 0.5830078125 0.6171875 0.0234375 0.0263671875
3 0.484375 0.4580078125 0.029296875 0.0224609375
3 0.412109375 0.5634765625 0.03125 0.025390625
3 0.2626953125 0.599609375 0.0400390625 0.025390625
1 0.419921875 0.7236328125 0.1484375 0.107421875
1 0.462890625 0.650390625 0.1484375 0.083984375
1 0.5029296875 0.5849609375 0.1064453125 0.0810546875
2 0.705078125 0.591796875 0.103515625 0.083984375
2 0.56640625 0.4833984375 0.087890625 0.080078125
3 0.771484375 0.4794921875 0.037109375 0.033203125
3 0.62109375 0.564453125 0.0185546875 0.0126953125
3 0.4453125 0.5078125 0.017578125 0.01171875
2 0.31640625 0.4423828125 0.0908203125 0.0615234375
3 0.6513671875 0.5009765625 0.017578125 0.01171875
3 0.1064453125 0.6318359375 0.0224609375 0.013671875
3 0.6337890625 0.38671875 0.017578125 0.0107421875
3 0.4462890625 0.390625 0.0166015625 0.0107421875
1 0.609375 0.4208984375 0.087890625 0.0615234375
3 0.8857421875 0.4501953125 0.01953125 0.0126953125
3 0.4091796875 0.3291015625 0.0146484375 0.009765625
3 0.806640625 0.626953125 0.044921875 0.02734375
3 0.642578125 0.7294921875 0.0498046875 0.0380859375
3 0.7001953125 0.8505859375 0.05078125 0.0341796875