0 0.4921875 0.5478515625 0.9638671875 0.568359375
3 0.267578125 0.66015625 0.0380859375 0.0283203125
3 0.5 0.6591796875 0.0361328125 0.03125
3 0.62890625 0.568359375 0.0458984375 0.02734375
3 0.3935546875 0.578125 0.048828125 0.0322265625
3 0.869140625 0.7490234375 0.0400390625 0.0390625
3 0.8134765625 0.498046875 0.0390625 0.025390625
3 0.623046875 0.498046875 0.0478515625 0.025390625
3 0.6142578125 0.42578125 0.0419921875 0.0234375
3 0.41015625 0.4365234375 0.0419921875 0.029296875
3 0.3994140625 0.50390625 0.05859375 0.0244140625
3 0.283203125 0.5029296875 0.0478515625 0.0302734375
3 0.173828125 0.5 0.0478515625 0.0234375
3 0.3037109375 0.3662109375 0.0498046875 0.025390625
3 0.7001953125 0.365234375 0.0625 0.0234375
3 0.767578125 0.3056640625 0.0478515625 0.0185546875
2 0.515625 0.302734375 0.0859375 0.05078125
2 0.205078125 0.3046875 0.0869140625 0.048828125
2 0.513671875 0.365234375 0.1005859375 0.05859375
2 0.71875 0.4912109375 0.0986328125 0.0625
2 0.1181640625 0.71484375 0.1142578125 0.087890625
1 0.4765625 0.4287109375 0.0810546875 0.0400390625
1 0.49609375 0.5771484375 0.0830078125 0.07421875
1 0.7431640625 0.6455078125 0.115234375 0.078125
1 0.498046875 0.7421875 0.140625 0.09765625