0 0.5048828125 0.5185546875 0.8916015625 0.5302734375
0 0.755859375 0.2919921875 0.0703125 0.0439453125
2 0.2470703125 0.29296875 0.0888671875 0.05078125
2 0.7119140625 0.4775390625 0.0810546875 0.0625
2 0.8232421875 0.4794921875 0.0966796875 0.0634765625
2 0.5126953125 0.6318359375 0.0966796875 0.06640625
1 0.1796875 0.4814453125 0.0966796875 0.068359375
1 0.392578125 0.482421875 0.1005859375 0.068359375
1 0.595703125 0.470703125 0.10546875 0.0615234375
1 0.2919921875 0.64453125 0.1142578125 0.083984375
3 0.484375 0.298828125 0.04296875 0.0244140625
3 0.2978515625 0.357421875 0.041015625 0.029296875
3 0.48828125 0.35546875 0.048828125 0.029296875
3 0.6796875 0.3525390625 0.046875 0.0283203125
3 0.4052734375 0.423828125 0.052734375 0.0244140625
3 0.4892578125 0.4208984375 0.05078125 0.0224609375
3 0.58203125 0.4267578125 0.05078125 0.029296875
3 0.287109375 0.486328125 0.05078125 0.0341796875
3 0.15234375 0.72265625 0.0439453125 0.0341796875
3 0.39453125 0.564453125 0.0478515625 0.0390625
3 0.50390625 0.5634765625 0.0498046875 0.03515625
3 0.609375 0.5615234375 0.0576171875 0.0322265625
3 0.732421875 0.6328125 0.0703125 0.037109375
3 0.50390625 0.7216796875 0.048828125 0.03515625
3 0.869140625 0.7080078125 0.0595703125 0.029296875