3 0.5458984375 0.5693359375 0.8818359375 0.482421875
2 0.876953125 0.7333984375 0.134765625 0.099609375
2 0.2978515625 0.498046875 0.1123046875 0.0771484375
1 0.3564453125 0.6337890625 0.099609375 0.08984375
1 0.552734375 0.6328125 0.119140625 0.0830078125
3 0.76953125 0.65625 0.0302734375 0.0263671875
3 0.6533203125 0.5771484375 0.03515625 0.0224609375
3 0.556640625 0.578125 0.0361328125 0.01953125
3 0.22265625 0.728515625 0.0224609375 0.015625
3 0.46875 0.5771484375 0.0185546875 0.0126953125
3 0.8427734375 0.533203125 0.0185546875 0.01171875
2 0.5546875 0.408203125 0.08984375 0.0615234375
3 0.4658203125 0.517578125 0.017578125 0.01171875
3 0.4697265625 0.4599609375 0.0166015625 0.0107421875
3 0.6572265625 0.525390625 0.017578125 0.01171875
3 0.6455078125 0.4638671875 0.0166015625 0.0107421875
3 0.7294921875 0.41796875 0.015625 0.009765625
3 0.390625 0.4091796875 0.0166015625 0.0107421875
3 0.564453125 0.3671875 0.0166015625 0.0107421875
1 0.8212890625 0.3828125 0.087890625 0.0625
3 0.31640625 0.357421875 0.0166015625 0.009765625
3 0.560546875 0.4599609375 0.0234375 0.0244140625
3 0.3779296875 0.5166015625 0.03515625 0.01953125
3 0.5595703125 0.7333984375 0.02734375 0.0234375