1 0.3505859375 0.5048828125 0.1142578125 0.06640625
2 0.5595703125 0.4287109375 0.0849609375 0.0517578125
1 0.6357421875 0.51171875 0.0888671875 0.0595703125
2 0.4677734375 0.5380859375 0.09765625 0.064453125
1 0.5947265625 0.46875 0.0830078125 0.052734375
2 0.3662109375 0.6923828125 0.1142578125 0.0830078125
1 0.3125 0.419921875 0.0869140625 0.0537109375
3 0.61328125 0.6435546875 0.033203125 0.0224609375
3 0.3955078125 0.6240234375 0.021484375 0.013671875
3 0.5732421875 0.5859375 0.01953125 0.0126953125
3 0.23828125 0.5341796875 0.021484375 0.01171875
3 0.853515625 0.5830078125 0.0205078125 0.01171875
3 0.6513671875 0.4609375 0.017578125 0.0087890625
3 0.4228515625 0.3701171875 0.015625 0.0087890625
3 0.40234375 0.45703125 0.0166015625 0.0087890625
3 0.7373046875 0.548828125 0.015625 0.009765625
3 0.6103515625 0.34375 0.013671875 0.0078125
3 0.474609375 0.4423828125 0.0166015625 0.0087890625
3 0.7158203125 0.4501953125 0.0146484375 0.0078125
3 0.177734375 0.396484375 0.01953125 0.009765625
3 0.42578125 0.5 0.0166015625 0.009765625
3 0.4462890625 0.4052734375 0.015625 0.0087890625
3 0.314453125 0.71484375 0.01953125 0.0146484375
3 0.5810546875 0.3857421875 0.0146484375 0.0078125
3 0.5380859375 0.53515625 0.0224609375 0.015625
0 0.5302734375 0.537109375 0.923828125 0.5302734375