0 0.4921875 0.5205078125 0.9501953125 0.58984375
2 0.728515625 0.634765625 0.1279296875 0.0947265625
2 0.8046875 0.4833984375 0.1025390625 0.07421875
2 0.6533203125 0.357421875 0.1005859375 0.05859375
2 0.2392578125 0.6494140625 0.1005859375 0.0830078125
1 0.501953125 0.564453125 0.09375 0.080078125
1 0.693359375 0.4619140625 0.095703125 0.07421875
1 0.4580078125 0.3486328125 0.1103515625 0.064453125
3 0.4755859375 0.740234375 0.0517578125 0.03125
3 0.1103515625 0.75390625 0.05859375 0.0341796875
3 0.8583984375 0.7294921875 0.0478515625 0.0400390625
3 0.47265625 0.6494140625 0.0390625 0.037109375
3 0.578125 0.556640625 0.0390625 0.0322265625
3 0.3544921875 0.5712890625 0.033203125 0.0283203125
3 0.251953125 0.494140625 0.04296875 0.03125
3 0.154296875 0.49609375 0.048828125 0.0361328125
3 0.353515625 0.4931640625 0.0478515625 0.03515625
3 0.5810546875 0.4833984375 0.044921875 0.0341796875
3 0.474609375 0.416015625 0.04296875 0.0341796875
3 0.5595703125 0.4208984375 0.0361328125 0.0341796875
3 0.2666015625 0.3603515625 0.041015625 0.033203125
3 0.75390625 0.2861328125 0.0400390625 0.0224609375
3 0.474609375 0.2919921875 0.0517578125 0.0244140625
1 0.1865234375 0.2958984375 0.0771484375 0.080078125
2 0.345703125 0.4169921875 0.083984375 0.078125