0 0.4951171875 0.533203125 0.9541015625 0.552734375
2 0.7236328125 0.64453125 0.1083984375 0.0771484375
2 0.68359375 0.369140625 0.1025390625 0.0595703125
2 0.1767578125 0.3076171875 0.10546875 0.076171875
2 0.15625 0.5068359375 0.09765625 0.091796875
2 0.50390625 0.666015625 0.1259765625 0.0703125
1 0.6005859375 0.568359375 0.1083984375 0.078125
1 0.580078125 0.4248046875 0.078125 0.0654296875
1 0.2939453125 0.353515625 0.109375 0.078125
1 0.2646484375 0.66015625 0.1201171875 0.08203125
3 0.478515625 0.298828125 0.0546875 0.03125
3 0.76953125 0.29296875 0.0361328125 0.0234375
3 0.4873046875 0.3525390625 0.05859375 0.03515625
3 0.3701171875 0.4267578125 0.0390625 0.0263671875
3 0.478515625 0.421875 0.0517578125 0.0322265625
3 0.2587890625 0.498046875 0.05078125 0.03125
3 0.353515625 0.4990234375 0.0458984375 0.025390625
3 0.587890625 0.4921875 0.0400390625 0.0263671875
3 0.7001953125 0.490234375 0.05078125 0.0283203125
3 0.8017578125 0.4912109375 0.05078125 0.029296875
3 0.359375 0.578125 0.048828125 0.03125
3 0.482421875 0.5751953125 0.0712890625 0.041015625
3 0.119140625 0.7607421875 0.0537109375 0.0390625
3 0.4794921875 0.7529296875 0.0615234375 0.041015625
3 0.873046875 0.7412109375 0.0517578125 0.03515625