0 0.5791015625 0.5556640625 0.81640625 0.525390625
1 0.8173828125 0.380859375 0.107421875 0.078125
1 0.7529296875 0.5146484375 0.1142578125 0.0869140625
2 0.5498046875 0.4599609375 0.11328125 0.076171875
2 0.294921875 0.50390625 0.107421875 0.083984375
3 0.2119140625 0.7294921875 0.05078125 0.0302734375
3 0.5576171875 0.732421875 0.0458984375 0.03125
3 0.759765625 0.65625 0.04296875 0.029296875
3 0.5595703125 0.654296875 0.0478515625 0.0341796875
3 0.3486328125 0.6484375 0.0341796875 0.0322265625
3 0.6494140625 0.578125 0.041015625 0.0224609375
1 0.31640625 0.357421875 0.0859375 0.060546875
2 0.5419921875 0.365234375 0.087890625 0.0615234375
1 0.923828125 0.7451171875 0.1279296875 0.115234375
3 0.83203125 0.5322265625 0.037109375 0.021484375
3 0.7197265625 0.4150390625 0.029296875 0.017578125
3 0.6357421875 0.4619140625 0.0390625 0.021484375
3 0.6494140625 0.5244140625 0.033203125 0.021484375
3 0.5537109375 0.580078125 0.0400390625 0.02734375
3 0.4599609375 0.57421875 0.025390625 0.03515625
3 0.4580078125 0.517578125 0.0224609375 0.0302734375
3 0.3671875 0.5166015625 0.0185546875 0.0283203125
3 0.4580078125 0.4609375 0.01953125 0.02734375
3 0.37890625 0.412109375 0.0185546875 0.0302734375
3 0.5498046875 0.4140625 0.017578125 0.025390625