0 0.513671875 0.58984375 0.9150390625 0.537109375
1 0.599609375 0.5478515625 0.111328125 0.0771484375
1 0.3330078125 0.412109375 0.095703125 0.0634765625
3 0.5048828125 0.486328125 0.0400390625 0.01953125
3 0.4990234375 0.6181640625 0.0380859375 0.0263671875
3 0.396484375 0.619140625 0.0361328125 0.033203125
2 0.6708984375 0.4423828125 0.11328125 0.072265625
2 0.2919921875 0.701171875 0.130859375 0.109375
1 0.392578125 0.537109375 0.1015625 0.0712890625
2 0.7255859375 0.3955078125 0.0908203125 0.0595703125
3 0.728515625 0.69921875 0.03515625 0.021484375
3 0.8759765625 0.7822265625 0.046875 0.03125
3 0.4990234375 0.7802734375 0.0498046875 0.0185546875
3 0.14453125 0.7763671875 0.029296875 0.0224609375
3 0.60546875 0.6123046875 0.0341796875 0.0224609375
3 0.810546875 0.560546875 0.0625 0.0244140625
3 0.7021484375 0.5556640625 0.0361328125 0.0302734375
3 0.591796875 0.4970703125 0.03515625 0.021484375
3 0.3017578125 0.5390625 0.0341796875 0.0185546875
3 0.203125 0.5380859375 0.03515625 0.03125
3 0.404296875 0.48828125 0.037109375 0.0185546875
3 0.5078125 0.4326171875 0.0234375 0.0224609375
3 0.5068359375 0.3818359375 0.0390625 0.0185546875
3 0.24609375 0.3681640625 0.0224609375 0.0234375