0 0.5068359375 0.521484375 0.9599609375 0.560546875
2 0.5283203125 0.72265625 0.126953125 0.078125
2 0.1484375 0.73828125 0.1279296875 0.087890625
2 0.7353515625 0.466796875 0.1005859375 0.0703125
2 0.703125 0.333984375 0.095703125 0.0654296875
2 0.3291015625 0.3408203125 0.1123046875 0.078125
1 0.412109375 0.404296875 0.091796875 0.06640625
1 0.615234375 0.4013671875 0.1005859375 0.068359375
1 0.2685546875 0.62890625 0.1279296875 0.0947265625
1 0.75 0.63671875 0.1376953125 0.08203125
3 0.2109375 0.2763671875 0.04296875 0.02734375
3 0.5009765625 0.2783203125 0.041015625 0.025390625
3 0.7978515625 0.26953125 0.05078125 0.029296875
3 0.50390625 0.3359375 0.0439453125 0.025390625
3 0.5048828125 0.40234375 0.0380859375 0.0283203125
3 0.1806640625 0.47265625 0.0537109375 0.029296875
3 0.2900390625 0.470703125 0.0517578125 0.03125
3 0.396484375 0.4755859375 0.048828125 0.029296875
3 0.62109375 0.48046875 0.0419921875 0.0263671875
3 0.83984375 0.48046875 0.0439453125 0.0263671875
3 0.6337890625 0.5546875 0.0576171875 0.0380859375
3 0.5166015625 0.5615234375 0.060546875 0.03515625
3 0.3994140625 0.5625 0.0546875 0.033203125
3 0.509765625 0.6396484375 0.052734375 0.03125
3 0.890625 0.7275390625 0.0478515625 0.03515625