2 0.66796875 0.5078125 0.109375 0.076171875
2 0.4794921875 0.451171875 0.0986328125 0.064453125
3 0.3935546875 0.513671875 0.0419921875 0.01953125
3 0.40234375 0.576171875 0.0166015625 0.0283203125
3 0.7109375 0.630859375 0.052734375 0.0234375
3 0.8408203125 0.70703125 0.0380859375 0.0224609375
1 0.52734375 0.697265625 0.1337890625 0.083984375
1 0.5166015625 0.6240234375 0.091796875 0.0732421875
1 0.5048828125 0.5556640625 0.09375 0.0693359375
1 0.4794921875 0.3876953125 0.095703125 0.0615234375
3 0.8330078125 0.703125 0.0234375 0.0166015625
3 0.400390625 0.5703125 0.017578125 0.0126953125
3 0.291015625 0.65234375 0.01953125 0.0146484375
3 0.1669921875 0.7412109375 0.0234375 0.017578125
3 0.298828125 0.515625 0.017578125 0.0126953125
3 0.58203125 0.5048828125 0.017578125 0.01171875
3 0.388671875 0.453125 0.0166015625 0.0107421875
3 0.76171875 0.5 0.017578125 0.01171875
3 0.5634765625 0.4453125 0.0166015625 0.009765625
3 0.3017578125 0.4072265625 0.017578125 0.0107421875
3 0.6416015625 0.3935546875 0.0166015625 0.0107421875
3 0.2197265625 0.361328125 0.017578125 0.01171875
3 0.7138671875 0.341796875 0.0166015625 0.0107421875
3 0.4716796875 0.3525390625 0.0166015625 0.0107421875
3 0.5869140625 0.5634765625 0.0302734375 0.017578125
2 0.220703125 0.4921875 0.1337890625 0.0908203125
0 0.5322265625 0.548828125 0.8271484375 0.529296875