3 0.5546875 0.5654296875 0.8603515625 0.501953125
1 0.9130859375 0.7451171875 0.123046875 0.111328125
2 0.544921875 0.4677734375 0.0986328125 0.0712890625
3 0.548828125 0.73828125 0.0537109375 0.025390625
3 0.208984375 0.7373046875 0.046875 0.0361328125
3 0.3359375 0.6591796875 0.025390625 0.0283203125
2 0.5322265625 0.3671875 0.0869140625 0.0615234375
3 0.4501953125 0.5810546875 0.015625 0.01171875
3 0.2626953125 0.515625 0.0185546875 0.013671875
2 0.3046875 0.36328125 0.087890625 0.060546875
3 0.3564453125 0.51953125 0.017578125 0.0126953125
3 0.447265625 0.5205078125 0.0166015625 0.01171875
1 0.80859375 0.3828125 0.087890625 0.0654296875
3 0.6396484375 0.5263671875 0.0166015625 0.0107421875
3 0.82421875 0.5341796875 0.0166015625 0.01171875
3 0.4501953125 0.4638671875 0.0146484375 0.0087890625
3 0.7099609375 0.4189453125 0.0166015625 0.009765625
1 0.74609375 0.5185546875 0.1044921875 0.08203125
1 0.556640625 0.5810546875 0.1171875 0.078125
3 0.7529296875 0.6630859375 0.0322265625 0.0263671875
3 0.5439453125 0.65625 0.03515625 0.0224609375
3 0.638671875 0.58203125 0.044921875 0.025390625
3 0.6240234375 0.4677734375 0.0322265625 0.0283203125
3 0.544921875 0.4169921875 0.04296875 0.0166015625
3 0.3701171875 0.4150390625 0.0224609375 0.0146484375