1 0.6376953125 0.826171875 0.1376953125 0.103515625
1 0.4130859375 0.61328125 0.1201171875 0.0830078125
2 0.67578125 0.5947265625 0.0986328125 0.08203125
3 0.771484375 0.63671875 0.041015625 0.0263671875
3 0.5908203125 0.71484375 0.056640625 0.01953125
3 0.5888671875 0.693359375 0.0517578125 0.0234375
2 0.5947265625 0.466796875 0.091796875 0.0634765625
2 0.33984375 0.4091796875 0.087890625 0.05859375
1 0.5458984375 0.5947265625 0.0986328125 0.0732421875
1 0.662109375 0.4169921875 0.0859375 0.0625
3 0.353515625 0.693359375 0.0302734375 0.0234375
3 0.583984375 0.7119140625 0.0205078125 0.015625
3 0.1171875 0.568359375 0.01953125 0.0126953125
3 0.2646484375 0.5537109375 0.017578125 0.01171875
3 0.4072265625 0.5361328125 0.0185546875 0.0126953125
3 0.4521484375 0.48828125 0.017578125 0.0107421875
3 0.76953125 0.4892578125 0.017578125 0.0107421875
3 0.888671875 0.4755859375 0.01953125 0.0126953125
3 0.5029296875 0.44140625 0.0166015625 0.0107421875
3 0.478515625 0.375 0.0166015625 0.0107421875
3 0.4580078125 0.3125 0.013671875 0.009765625
3 0.4755859375 0.5712890625 0.017578125 0.0126953125
3 0.6044921875 0.55859375 0.017578125 0.01171875
3 0.6171875 0.4306640625 0.015625 0.0107421875
3 0.6591796875 0.38671875 0.0146484375 0.0068359375
3 0.6552734375 0.5009765625 0.01171875 0.017578125
3 0.3896484375 0.458984375 0.0341796875 0.017578125
0 0.4677734375 0.552734375 0.896484375 0.736328125