0 0.53125 0.5439453125 0.900390625 0.541015625
3 0.796875 0.306640625 0.0302734375 0.025390625
3 0.515625 0.3056640625 0.0419921875 0.029296875
3 0.234375 0.3046875 0.0390625 0.0244140625
3 0.3154296875 0.3642578125 0.0478515625 0.0263671875
3 0.2978515625 0.49609375 0.03125 0.0234375
2 0.4091796875 0.4375 0.109375 0.052734375
2 0.6005859375 0.431640625 0.080078125 0.056640625
2 0.6923828125 0.3681640625 0.0849609375 0.068359375
2 0.8564453125 0.5029296875 0.0712890625 0.078125
1 0.5087890625 0.560546875 0.091796875 0.07421875
1 0.74609375 0.6474609375 0.1123046875 0.072265625
1 0.5205078125 0.3662109375 0.0947265625 0.0615234375
3 0.7265625 0.498046875 0.037109375 0.02734375
3 0.611328125 0.5 0.033203125 0.0224609375
3 0.5107421875 0.4248046875 0.0400390625 0.021484375
3 0.3984375 0.4990234375 0.04296875 0.021484375
3 0.3994140625 0.5732421875 0.0390625 0.025390625
3 0.6162109375 0.568359375 0.0478515625 0.0263671875
3 0.8857421875 0.7509765625 0.0400390625 0.03515625
3 0.5068359375 0.65625 0.0380859375 0.033203125
3 0.5009765625 0.7470703125 0.04296875 0.03515625
3 0.150390625 0.7490234375 0.0498046875 0.037109375
1 0.1865234375 0.4931640625 0.09765625 0.072265625
2 0.2841796875 0.6513671875 0.1396484375 0.08203125