1 0.5458984375 0.70703125 0.12109375 0.080078125
3 0.859375 0.728515625 0.0400390625 0.0263671875
3 0.7265625 0.64453125 0.0380859375 0.01171875
2 0.701171875 0.521484375 0.109375 0.0751953125
0 0.5146484375 0.5576171875 0.8955078125 0.4873046875
3 0.3095703125 0.6552734375 0.01953125 0.0146484375
3 0.181640625 0.7412109375 0.0224609375 0.0166015625
3 0.4228515625 0.576171875 0.0185546875 0.0126953125
2 0.5087890625 0.458984375 0.091796875 0.0634765625
3 0.7919921875 0.5166015625 0.0185546875 0.01171875
2 0.2685546875 0.3564453125 0.08984375 0.0615234375
3 0.4169921875 0.5166015625 0.017578125 0.01171875
3 0.23046875 0.517578125 0.017578125 0.01171875
3 0.6083984375 0.5166015625 0.017578125 0.01171875
3 0.3251953125 0.5185546875 0.0185546875 0.01171875
3 0.59375 0.455078125 0.0166015625 0.0107421875
3 0.41796875 0.458984375 0.0166015625 0.0107421875
3 0.6748046875 0.4052734375 0.015625 0.0107421875
3 0.7529296875 0.3544921875 0.0166015625 0.01171875
3 0.505859375 0.361328125 0.015625 0.0107421875
1 0.5078125 0.3974609375 0.083984375 0.0576171875
3 0.6083984375 0.572265625 0.0205078125 0.0205078125
3 0.337890625 0.4091796875 0.037109375 0.029296875
1 0.54296875 0.6318359375 0.1328125 0.0615234375
1 0.53515625 0.564453125 0.0966796875 0.0615234375