0 0.4638671875 0.548828125 0.9267578125 0.59765625
3 0.466796875 0.7705078125 0.0732421875 0.037109375
3 0.0986328125 0.771484375 0.056640625 0.03515625
3 0.46875 0.609375 0.0390625 0.0400390625
3 0.6982421875 0.6884765625 0.0634765625 0.0419921875
3 0.587890625 0.609375 0.0458984375 0.044921875
3 0.578125 0.5283203125 0.0556640625 0.044921875
3 0.689453125 0.533203125 0.0419921875 0.0498046875
3 0.7958984375 0.5322265625 0.0419921875 0.041015625
3 0.671875 0.388671875 0.0380859375 0.044921875
3 0.4775390625 0.3251953125 0.046875 0.03515625
3 0.1865234375 0.314453125 0.0517578125 0.03515625
3 0.2646484375 0.3828125 0.04296875 0.03515625
3 0.255859375 0.51953125 0.0556640625 0.037109375
3 0.3583984375 0.521484375 0.0478515625 0.0390625
3 0.3720703125 0.4580078125 0.0361328125 0.037109375
3 0.4736328125 0.4560546875 0.0341796875 0.0400390625
2 0.462890625 0.6982421875 0.1171875 0.0888671875
2 0.197265625 0.7080078125 0.1240234375 0.0966796875
2 0.1376953125 0.3359375 0.103515625 0.06640625
2 0.7587890625 0.3193359375 0.0888671875 0.072265625
2 0.5712890625 0.4609375 0.0791015625 0.0625
1 0.3525390625 0.6162109375 0.1015625 0.08203125
1 0.1533203125 0.513671875 0.0966796875 0.07421875
1 0.4697265625 0.375 0.107421875 0.052734375
1 0.83203125 0.767578125 0.1298828125 0.1005859375