0 0.52734375 0.509765625 0.9248046875 0.5498046875
3 0.509765625 0.701171875 0.0546875 0.0380859375
3 0.732421875 0.6162109375 0.0517578125 0.0380859375
3 0.607421875 0.5302734375 0.0380859375 0.0419921875
3 0.515625 0.5341796875 0.0546875 0.0361328125
3 0.2978515625 0.61328125 0.0341796875 0.033203125
3 0.216796875 0.4560546875 0.0341796875 0.037109375
3 0.322265625 0.4658203125 0.0498046875 0.0361328125
3 0.416015625 0.46484375 0.0341796875 0.02734375
3 0.4208984375 0.3935546875 0.03515625 0.0380859375
3 0.33203125 0.337890625 0.0224609375 0.0419921875
3 0.5146484375 0.392578125 0.041015625 0.0302734375
3 0.6220703125 0.4716796875 0.0458984375 0.0341796875
3 0.7236328125 0.470703125 0.0341796875 0.041015625
3 0.7861328125 0.2900390625 0.037109375 0.0361328125
3 0.517578125 0.2880859375 0.0341796875 0.03125
2 0.1748046875 0.6953125 0.138671875 0.08984375
2 0.904296875 0.6884765625 0.10546875 0.0986328125
2 0.40625 0.5244140625 0.0927734375 0.0693359375
2 0.734375 0.326171875 0.0830078125 0.083984375
2 0.5205078125 0.3349609375 0.087890625 0.0595703125
1 0.5126953125 0.62890625 0.10546875 0.0810546875
1 0.8212890625 0.474609375 0.087890625 0.07421875
1 0.6162109375 0.388671875 0.068359375 0.0654296875
1 0.24609375 0.28515625 0.095703125 0.0537109375