0 0.49609375 0.49609375 0.9208984375 0.509765625
2 0.748046875 0.26171875 0.0732421875 0.0390625
2 0.7919921875 0.466796875 0.1005859375 0.072265625
2 0.6865234375 0.46484375 0.0830078125 0.068359375
2 0.4853515625 0.6064453125 0.109375 0.072265625
2 0.2216796875 0.271484375 0.1015625 0.0634765625
1 0.5771484375 0.4462890625 0.095703125 0.06640625
1 0.361328125 0.4619140625 0.0966796875 0.060546875
1 0.162109375 0.45703125 0.1005859375 0.072265625
1 0.259765625 0.6171875 0.1162109375 0.0771484375
3 0.4609375 0.275390625 0.0322265625 0.0185546875
3 0.47265625 0.3291015625 0.0380859375 0.0234375
3 0.2880859375 0.3349609375 0.0654296875 0.02734375
3 0.6611328125 0.3291015625 0.0458984375 0.021484375
3 0.56640625 0.396484375 0.0458984375 0.025390625
3 0.47265625 0.3984375 0.060546875 0.033203125
3 0.375 0.404296875 0.0498046875 0.0234375
3 0.26171875 0.4609375 0.0517578125 0.03125
3 0.3701171875 0.5380859375 0.0400390625 0.02734375
3 0.4755859375 0.5400390625 0.0439453125 0.029296875
3 0.5947265625 0.5341796875 0.0517578125 0.0302734375
3 0.708984375 0.6064453125 0.0546875 0.025390625
3 0.4814453125 0.69140625 0.0556640625 0.0244140625
3 0.1181640625 0.697265625 0.0537109375 0.037109375
3 0.833984375 0.681640625 0.0712890625 0.037109375