0 0.5654296875 0.4169921875 0.6630859375 0.412109375
3 0.791015625 0.5693359375 0.029296875 0.025390625
3 0.5263671875 0.5556640625 0.033203125 0.0205078125
3 0.2861328125 0.546875 0.0263671875 0.0185546875
3 0.54296875 0.5009765625 0.0263671875 0.017578125
1 0.703125 0.4951171875 0.0947265625 0.0810546875
1 0.806640625 0.3955078125 0.0947265625 0.0634765625
1 0.8095703125 0.251953125 0.080078125 0.060546875
2 0.7099609375 0.3994140625 0.087890625 0.0654296875
2 0.578125 0.3076171875 0.0771484375 0.0546875
1 0.6181640625 0.3935546875 0.0771484375 0.0556640625
3 0.38671875 0.4970703125 0.0146484375 0.009765625
2 0.4306640625 0.3115234375 0.07421875 0.052734375
3 0.48046875 0.4453125 0.013671875 0.009765625
3 0.416015625 0.3994140625 0.013671875 0.009765625
3 0.484375 0.3994140625 0.013671875 0.0087890625
3 0.3486328125 0.3984375 0.013671875 0.0087890625
3 0.56640625 0.3505859375 0.013671875 0.0087890625
3 0.71875 0.306640625 0.013671875 0.0087890625
3 0.3828125 0.2763671875 0.0126953125 0.0087890625
3 0.5810546875 0.26953125 0.013671875 0.009765625
3 0.6240234375 0.4453125 0.025390625 0.0146484375
3 0.5517578125 0.4453125 0.0234375 0.017578125
3 0.4970703125 0.353515625 0.0234375 0.015625
3 0.638671875 0.3486328125 0.0185546875 0.0146484375