3 0.5634765625 0.4599609375 0.0302734375 0.017578125
3 0.3759765625 0.5126953125 0.0185546875 0.0126953125
3 0.6474609375 0.4609375 0.0166015625 0.009765625
3 0.466796875 0.515625 0.0166015625 0.01171875
3 0.353515625 0.6484375 0.021484375 0.0146484375
3 0.4697265625 0.57421875 0.015625 0.0126953125
3 0.3916015625 0.4072265625 0.0166015625 0.0107421875
3 0.6572265625 0.578125 0.0166015625 0.0126953125
3 0.5625 0.580078125 0.0185546875 0.0126953125
3 0.8447265625 0.53125 0.0185546875 0.01171875
3 0.66015625 0.5234375 0.015625 0.0107421875
3 0.5654296875 0.732421875 0.021484375 0.015625
3 0.7724609375 0.6572265625 0.0205078125 0.0146484375
3 0.22265625 0.7265625 0.0234375 0.0166015625
3 0.4716796875 0.45703125 0.0166015625 0.0107421875
3 0.5634765625 0.4130859375 0.0166015625 0.009765625
3 0.7314453125 0.416015625 0.015625 0.009765625
1 0.3134765625 0.365234375 0.10546875 0.0654296875
2 0.8798828125 0.7294921875 0.125 0.087890625
1 0.822265625 0.375 0.087890625 0.0634765625
1 0.560546875 0.6318359375 0.1044921875 0.0771484375
1 0.763671875 0.517578125 0.111328125 0.072265625
2 0.3056640625 0.4990234375 0.1123046875 0.0712890625
2 0.544921875 0.373046875 0.0908203125 0.0634765625
0 0.5703125 0.5595703125 0.8505859375 0.501953125