0 0.51953125 0.5166015625 0.8935546875 0.5283203125
3 0.1259765625 0.73046875 0.041015625 0.0341796875
3 0.166015625 0.4619140625 0.05078125 0.03125
3 0.271484375 0.4658203125 0.041015625 0.0302734375
3 0.3837890625 0.53515625 0.0380859375 0.0302734375
3 0.494140625 0.533203125 0.0361328125 0.0234375
3 0.5966796875 0.52734375 0.041015625 0.0224609375
3 0.5986328125 0.458984375 0.0361328125 0.029296875
3 0.796875 0.4599609375 0.0419921875 0.0234375
3 0.8583984375 0.6962890625 0.033203125 0.0244140625
3 0.6640625 0.328125 0.033203125 0.0263671875
3 0.4755859375 0.3916015625 0.041015625 0.0234375
3 0.37890625 0.3916015625 0.0380859375 0.0234375
3 0.4775390625 0.33203125 0.0498046875 0.0224609375
3 0.4775390625 0.279296875 0.0537109375 0.0166015625
3 0.1826171875 0.28125 0.041015625 0.0166015625
2 0.283203125 0.3349609375 0.1025390625 0.0595703125
2 0.576171875 0.376953125 0.099609375 0.052734375
2 0.2705078125 0.6416015625 0.0947265625 0.0732421875
2 0.4814453125 0.7138671875 0.1181640625 0.0751953125
2 0.7060546875 0.595703125 0.1142578125 0.06640625
1 0.5234375 0.6240234375 0.1259765625 0.068359375
1 0.69921875 0.443359375 0.0947265625 0.0625
1 0.7451171875 0.2724609375 0.0771484375 0.056640625
1 0.3876953125 0.4755859375 0.125 0.0703125