0 0.4541015625 0.4658203125 0.87109375 0.5546875
2 0.849609375 0.6669921875 0.1005859375 0.0654296875
2 0.58984375 0.5029296875 0.091796875 0.064453125
2 0.7802734375 0.2275390625 0.1005859375 0.052734375
2 0.275390625 0.275390625 0.1142578125 0.0595703125
1 0.2646484375 0.427734375 0.12890625 0.0771484375
1 0.373046875 0.3544921875 0.1083984375 0.0595703125
1 0.5068359375 0.232421875 0.1044921875 0.0615234375
1 0.728515625 0.4248046875 0.10546875 0.0810546875
3 0.1494140625 0.6669921875 0.1279296875 0.0830078125
3 0.4892578125 0.6689453125 0.060546875 0.025390625
3 0.724609375 0.58203125 0.0595703125 0.03125
3 0.4931640625 0.580078125 0.06640625 0.0205078125
3 0.259765625 0.583984375 0.060546875 0.033203125
3 0.375 0.5029296875 0.05078125 0.0244140625
3 0.484375 0.5029296875 0.0546875 0.0283203125
3 0.595703125 0.4287109375 0.0576171875 0.0283203125
3 0.376953125 0.4287109375 0.048828125 0.0234375
3 0.169921875 0.4296875 0.056640625 0.033203125
3 0.490234375 0.357421875 0.0380859375 0.02734375
3 0.5830078125 0.3671875 0.06640625 0.03125
3 0.69140625 0.2998046875 0.0634765625 0.01953125
3 0.505859375 0.291015625 0.0439453125 0.013671875
3 0.2197265625 0.2333984375 0.0546875 0.025390625
3 0.82421875 0.421875 0.0595703125 0.02734375