3 0.548828125 0.7392578125 0.046875 0.01953125
3 0.208984375 0.7412109375 0.0234375 0.0166015625
3 0.3369140625 0.6591796875 0.0205078125 0.0146484375
3 0.5478515625 0.6591796875 0.0185546875 0.013671875
3 0.451171875 0.5830078125 0.0185546875 0.013671875
3 0.63671875 0.58203125 0.0185546875 0.013671875
3 0.8212890625 0.53125 0.0185546875 0.01171875
3 0.2626953125 0.5224609375 0.0185546875 0.0126953125
3 0.4462890625 0.5244140625 0.017578125 0.01171875
3 0.35546875 0.5244140625 0.0185546875 0.0126953125
3 0.6376953125 0.52734375 0.017578125 0.0126953125
3 0.5400390625 0.373046875 0.015625 0.0107421875
3 0.3681640625 0.41796875 0.015625 0.009765625
3 0.75390625 0.66015625 0.017578125 0.013671875
3 0.5380859375 0.419921875 0.015625 0.009765625
3 0.4482421875 0.466796875 0.0146484375 0.009765625
3 0.6240234375 0.466796875 0.0146484375 0.0087890625
1 0.552734375 0.583984375 0.123046875 0.083984375
1 0.8056640625 0.3779296875 0.0859375 0.0615234375
1 0.9111328125 0.74609375 0.1220703125 0.0888671875
1 0.7431640625 0.517578125 0.1103515625 0.0703125
2 0.5341796875 0.4677734375 0.0966796875 0.064453125
2 0.30078125 0.369140625 0.08984375 0.06640625
2 0.7255859375 0.4091796875 0.1162109375 0.0625
0 0.564453125 0.560546875 0.869140625 0.4970703125