0 0.51171875 0.5244140625 0.9150390625 0.5458984375
3 0.853515625 0.7353515625 0.0419921875 0.0361328125
3 0.5 0.7353515625 0.0556640625 0.037109375
3 0.7470703125 0.64453125 0.05078125 0.0400390625
3 0.509765625 0.568359375 0.0361328125 0.01953125
3 0.1337890625 0.736328125 0.0439453125 0.0302734375
3 0.29296875 0.4912109375 0.03515625 0.025390625
3 0.4130859375 0.490234375 0.048828125 0.02734375
3 0.625 0.4931640625 0.041015625 0.0234375
3 0.720703125 0.4931640625 0.044921875 0.0185546875
3 0.619140625 0.423828125 0.0322265625 0.0224609375
3 0.4140625 0.4287109375 0.0390625 0.0146484375
3 0.51171875 0.361328125 0.0458984375 0.021484375
3 0.2158203125 0.296875 0.03125 0.0185546875
3 0.51953125 0.3017578125 0.0439453125 0.01953125
3 0.7822265625 0.3037109375 0.048828125 0.0185546875
2 0.1572265625 0.4833984375 0.095703125 0.07421875
2 0.28515625 0.6416015625 0.1201171875 0.0830078125
2 0.4052734375 0.5634765625 0.095703125 0.06640625
2 0.6240234375 0.552734375 0.1171875 0.0634765625
2 0.6953125 0.359375 0.080078125 0.0556640625
1 0.82421875 0.4912109375 0.087890625 0.0751953125
1 0.509765625 0.431640625 0.103515625 0.0517578125
1 0.306640625 0.3642578125 0.1064453125 0.0625
1 0.5 0.6396484375 0.12890625 0.0693359375