0 0.5205078125 0.453125 0.9560546875 0.5615234375
3 0.9072265625 0.673828125 0.0439453125 0.029296875
3 0.5185546875 0.6767578125 0.0439453125 0.029296875
3 0.5234375 0.5859375 0.046875 0.0302734375
3 0.2734375 0.5869140625 0.0517578125 0.025390625
3 0.5166015625 0.5078125 0.0439453125 0.02734375
3 0.6435546875 0.5029296875 0.0419921875 0.025390625
3 0.7490234375 0.4189453125 0.052734375 0.0224609375
3 0.861328125 0.423828125 0.037109375 0.0244140625
3 0.8271484375 0.19921875 0.0419921875 0.0224609375
3 0.6220703125 0.3466796875 0.05859375 0.0263671875
3 0.5146484375 0.345703125 0.052734375 0.0244140625
3 0.408203125 0.349609375 0.0546875 0.0234375
3 0.396484375 0.4169921875 0.046875 0.03125
3 0.1708984375 0.4130859375 0.0625 0.015625
3 0.19921875 0.1962890625 0.052734375 0.0302734375
2 0.513671875 0.2021484375 0.091796875 0.056640625
2 0.310546875 0.28125 0.1396484375 0.0771484375
2 0.71484375 0.2626953125 0.126953125 0.05859375
2 0.7646484375 0.583984375 0.1083984375 0.091796875
2 0.3984375 0.5068359375 0.099609375 0.06640625
1 0.6337890625 0.4013671875 0.1220703125 0.064453125
1 0.4814453125 0.2626953125 0.1259765625 0.052734375
1 0.27734375 0.4287109375 0.1083984375 0.0849609375
1 0.1318359375 0.6748046875 0.138671875 0.11328125