0 0.482421875 0.5400390625 0.90234375 0.5673828125
2 0.251953125 0.36328125 0.0654296875 0.056640625
2 0.666015625 0.36328125 0.10546875 0.06640625
2 0.6044921875 0.56640625 0.08984375 0.078125
2 0.255859375 0.640625 0.1064453125 0.0927734375
2 0.13671875 0.4814453125 0.083984375 0.0654296875
1 0.4541015625 0.421875 0.09765625 0.064453125
1 0.2451171875 0.5087890625 0.109375 0.0810546875
1 0.4873046875 0.650390625 0.1015625 0.0908203125
1 0.826171875 0.7333984375 0.1142578125 0.09765625
3 0.169921875 0.2958984375 0.03515625 0.0234375
3 0.4765625 0.298828125 0.044921875 0.029296875
3 0.4736328125 0.3583984375 0.044921875 0.029296875
3 0.7509765625 0.298828125 0.044921875 0.0283203125
3 0.580078125 0.421875 0.05078125 0.0341796875
3 0.37890625 0.4267578125 0.03515625 0.02734375
3 0.3671875 0.4921875 0.046875 0.03515625
3 0.5869140625 0.49609375 0.048828125 0.03515625
3 0.6875 0.4921875 0.048828125 0.03125
3 0.7861328125 0.4912109375 0.0419921875 0.02734375
3 0.3681640625 0.5712890625 0.0419921875 0.0244140625
3 0.4775390625 0.5712890625 0.056640625 0.0419921875
3 0.7021484375 0.650390625 0.0517578125 0.041015625
3 0.482421875 0.7421875 0.0634765625 0.0341796875
3 0.0859375 0.751953125 0.0458984375 0.0283203125