0 0.5009765625 0.552734375 0.9296875 0.548828125
2 0.125 0.76171875 0.1005859375 0.0859375
2 0.1396484375 0.5068359375 0.109375 0.0712890625
2 0.5048828125 0.302734375 0.1162109375 0.0517578125
2 0.5185546875 0.58203125 0.10546875 0.0810546875
2 0.705078125 0.4990234375 0.1005859375 0.060546875
1 0.86328125 0.74609375 0.12109375 0.076171875
1 0.732421875 0.646484375 0.1083984375 0.0654296875
1 0.28515625 0.5185546875 0.1005859375 0.0771484375
1 0.5947265625 0.4375 0.10546875 0.0595703125
3 0.5048828125 0.7509765625 0.0498046875 0.0322265625
3 0.2802734375 0.662109375 0.0556640625 0.029296875
3 0.5009765625 0.6650390625 0.0517578125 0.03125
3 0.408203125 0.578125 0.05078125 0.025390625
3 0.626953125 0.57421875 0.0419921875 0.0244140625
3 0.6171875 0.5029296875 0.0517578125 0.029296875
3 0.3984375 0.505859375 0.0546875 0.025390625
3 0.4140625 0.4375 0.04296875 0.025390625
3 0.5048828125 0.435546875 0.052734375 0.0244140625
3 0.8095703125 0.5078125 0.0380859375 0.01953125
3 0.6923828125 0.37109375 0.0419921875 0.0224609375
3 0.7744140625 0.310546875 0.0361328125 0.01953125
3 0.51953125 0.3720703125 0.05859375 0.01953125
3 0.3154296875 0.3740234375 0.0546875 0.0224609375
3 0.2197265625 0.3095703125 0.0625 0.025390625