0 0.5341796875 0.515625 0.8701171875 0.46484375
3 0.78125 0.2958984375 0.03515625 0.017578125
3 0.5244140625 0.3037109375 0.044921875 0.0244140625
3 0.2529296875 0.3076171875 0.05078125 0.03125
3 0.2314453125 0.4833984375 0.041015625 0.029296875
3 0.5380859375 0.4111328125 0.0458984375 0.02734375
3 0.6337890625 0.4091796875 0.0439453125 0.0244140625
3 0.3349609375 0.482421875 0.04296875 0.029296875
3 0.4375 0.48046875 0.046875 0.03125
3 0.646484375 0.470703125 0.033203125 0.0234375
3 0.7353515625 0.46875 0.0419921875 0.0234375
3 0.5380859375 0.5439453125 0.044921875 0.0224609375
3 0.64453125 0.537109375 0.0439453125 0.0244140625
3 0.54296875 0.62109375 0.041015625 0.025390625
3 0.2099609375 0.70703125 0.044921875 0.033203125
3 0.546875 0.6943359375 0.04296875 0.0322265625
2 0.5107421875 0.353515625 0.0712890625 0.0458984375
2 0.33984375 0.36328125 0.08984375 0.0576171875
2 0.3291015625 0.5966796875 0.0966796875 0.0849609375
2 0.82421875 0.4599609375 0.08984375 0.060546875
2 0.8798828125 0.6728515625 0.0966796875 0.078125
1 0.705078125 0.353515625 0.08984375 0.05078125
1 0.431640625 0.412109375 0.0859375 0.0478515625
1 0.4384765625 0.53125 0.0771484375 0.05859375
1 0.7490234375 0.609375 0.107421875 0.0771484375
1 0.4580078125 0.2255859375 0.005859375 0.017578125