0 0.5458984375 0.5751953125 0.8427734375 0.498046875
1 0.578125 0.744140625 0.1474609375 0.095703125
1 0.82421875 0.505859375 0.095703125 0.0830078125
1 0.3505859375 0.6826171875 0.111328125 0.103515625
2 0.556640625 0.6455078125 0.09375 0.0859375
2 0.6435546875 0.51953125 0.095703125 0.0732421875
3 0.76953125 0.638671875 0.0419921875 0.0302734375
3 0.9013671875 0.7001953125 0.0302734375 0.021484375
3 0.7294921875 0.359375 0.03125 0.0244140625
3 0.716796875 0.513671875 0.0283203125 0.0283203125
2 0.533203125 0.4638671875 0.0908203125 0.060546875
1 0.4619140625 0.58203125 0.1025390625 0.0732421875
3 0.2314453125 0.7666015625 0.0234375 0.0185546875
3 0.2392578125 0.546875 0.0205078125 0.013671875
3 0.3427734375 0.5439453125 0.0185546875 0.0126953125
3 0.2412109375 0.3828125 0.0185546875 0.0107421875
3 0.3369140625 0.43359375 0.0166015625 0.0107421875
3 0.5048828125 0.380859375 0.015625 0.009765625
3 0.6767578125 0.4130859375 0.017578125 0.0107421875
3 0.443359375 0.53515625 0.0185546875 0.01171875
3 0.4404296875 0.4833984375 0.0146484375 0.0087890625
3 0.6533203125 0.580078125 0.02734375 0.025390625
3 0.546875 0.591796875 0.029296875 0.0234375
3 0.611328125 0.466796875 0.013671875 0.0283203125