1 0.5087890625 0.7607421875 0.1201171875 0.0966796875
3 0.17578125 0.7568359375 0.044921875 0.0361328125
2 0.5068359375 0.66796875 0.1044921875 0.078125
2 0.5205078125 0.4814453125 0.091796875 0.0615234375
1 0.298828125 0.6845703125 0.109375 0.0810546875
1 0.791015625 0.7626953125 0.1162109375 0.0869140625
1 0.427734375 0.5947265625 0.1005859375 0.072265625
3 0.71875 0.6796875 0.033203125 0.021484375
2 0.6240234375 0.595703125 0.11328125 0.083984375
3 0.228515625 0.548828125 0.0517578125 0.0439453125
3 0.3271484375 0.546875 0.0419921875 0.0302734375
3 0.33984375 0.439453125 0.033203125 0.03125
3 0.7802734375 0.544921875 0.0283203125 0.0322265625
3 0.693359375 0.5478515625 0.0302734375 0.0224609375
3 0.609375 0.5478515625 0.0400390625 0.015625
3 0.5087890625 0.6103515625 0.0341796875 0.0224609375
3 0.421875 0.548828125 0.029296875 0.01953125
3 0.427734375 0.4951171875 0.0341796875 0.0205078125
3 0.6025390625 0.4931640625 0.029296875 0.0224609375
3 0.6728515625 0.44140625 0.0361328125 0.025390625
3 0.740234375 0.3935546875 0.0302734375 0.0234375
3 0.5126953125 0.400390625 0.0380859375 0.017578125
3 0.2548828125 0.3818359375 0.0283203125 0.025390625
0 0.50390625 0.556640625 0.912109375 0.564453125