3 0.23828125 0.7275390625 0.0439453125 0.0322265625
3 0.7890625 0.66015625 0.046875 0.025390625
2 0.884765625 0.728515625 0.134765625 0.1015625
1 0.5625 0.6328125 0.1337890625 0.0849609375
1 0.76953125 0.5185546875 0.109375 0.080078125
1 0.8310546875 0.3798828125 0.1103515625 0.07421875
1 0.3212890625 0.359375 0.099609375 0.0546875
2 0.3115234375 0.4970703125 0.1162109375 0.07421875
2 0.5732421875 0.4111328125 0.1181640625 0.0712890625
3 0.5732421875 0.3671875 0.03125 0.0185546875
3 0.7421875 0.4169921875 0.0234375 0.017578125
3 0.65625 0.4619140625 0.0234375 0.02734375
3 0.4013671875 0.40625 0.01953125 0.013671875
3 0.4794921875 0.45703125 0.0205078125 0.015625
3 0.572265625 0.4599609375 0.0234375 0.0146484375
3 0.4755859375 0.5166015625 0.025390625 0.017578125
3 0.384765625 0.5126953125 0.02734375 0.021484375
3 0.4755859375 0.5703125 0.03125 0.0263671875
3 0.5703125 0.578125 0.0244140625 0.017578125
3 0.666015625 0.578125 0.0390625 0.0185546875
3 0.6669921875 0.5224609375 0.017578125 0.01171875
3 0.7802734375 0.6572265625 0.0205078125 0.0146484375
3 0.361328125 0.6455078125 0.01953125 0.0146484375
3 0.5732421875 0.73046875 0.0224609375 0.015625
3 0.8564453125 0.5322265625 0.0234375 0.0185546875