3 0.6650390625 0.6103515625 0.041015625 0.029296875
3 0.451171875 0.5859375 0.0556640625 0.041015625
3 0.912109375 0.5615234375 0.0419921875 0.0263671875
2 0.412109375 0.658203125 0.1416015625 0.095703125
1 0.689453125 0.4892578125 0.091796875 0.0615234375
1 0.474609375 0.470703125 0.0888671875 0.0673828125
1 0.521484375 0.4072265625 0.09375 0.0546875
3 0.5029296875 0.3759765625 0.021484375 0.017578125
3 0.390625 0.486328125 0.0400390625 0.0185546875
3 0.2978515625 0.5009765625 0.025390625 0.0263671875
2 0.615234375 0.400390625 0.080078125 0.048828125
1 0.6484375 0.4423828125 0.080078125 0.0517578125
3 0.6259765625 0.5576171875 0.0185546875 0.01171875
3 0.3447265625 0.3974609375 0.0166015625 0.0087890625
3 0.23828125 0.36328125 0.0166015625 0.0087890625
3 0.7060546875 0.4365234375 0.015625 0.0087890625
3 0.45703125 0.4287109375 0.015625 0.0087890625
3 0.666015625 0.3193359375 0.0126953125 0.0068359375
2 0.595703125 0.5009765625 0.091796875 0.0595703125
3 0.515625 0.515625 0.017578125 0.015625
0 0.5771484375 0.5146484375 0.8447265625 0.4638671875