0 0.529296875 0.5419921875 0.90625 0.5830078125
2 0.4990234375 0.361328125 0.0888671875 0.048828125
2 0.2978515625 0.4892578125 0.0966796875 0.0517578125
2 0.1748046875 0.482421875 0.109375 0.0751953125
2 0.1279296875 0.759765625 0.1220703125 0.109375
2 0.8447265625 0.7626953125 0.1201171875 0.103515625
1 0.8251953125 0.509765625 0.1015625 0.0703125
1 0.6884765625 0.3662109375 0.0888671875 0.044921875
1 0.6220703125 0.498046875 0.1044921875 0.0615234375
1 0.3974609375 0.5078125 0.109375 0.0595703125
3 0.22265625 0.2998046875 0.0517578125 0.0244140625
3 0.5078125 0.3095703125 0.0673828125 0.02734375
3 0.787109375 0.31640625 0.0634765625 0.025390625
3 0.3017578125 0.3603515625 0.0546875 0.025390625
3 0.4013671875 0.4208984375 0.0498046875 0.029296875
3 0.5048828125 0.421875 0.05859375 0.02734375
3 0.60546875 0.421875 0.0654296875 0.0283203125
3 0.40234375 0.5703125 0.0556640625 0.03125
3 0.509765625 0.572265625 0.0556640625 0.0302734375
3 0.6240234375 0.56640625 0.0556640625 0.0283203125
3 0.271484375 0.65625 0.0517578125 0.029296875
3 0.509765625 0.662109375 0.0576171875 0.0341796875
3 0.73828125 0.6611328125 0.0595703125 0.029296875
3 0.5234375 0.755859375 0.087890625 0.048828125