3 0.5166015625 0.5712890625 0.8994140625 0.490234375
1 0.8369140625 0.74609375 0.12109375 0.109375
1 0.5390625 0.7607421875 0.1279296875 0.1005859375
2 0.52734375 0.6650390625 0.1328125 0.0859375
2 0.6494140625 0.5908203125 0.107421875 0.08984375
3 0.7646484375 0.3798828125 0.037109375 0.025390625
3 0.35546875 0.4326171875 0.03515625 0.0234375
3 0.3369140625 0.541015625 0.041015625 0.017578125
3 0.1845703125 0.75390625 0.0380859375 0.0244140625
3 0.720703125 0.5400390625 0.01953125 0.013671875
3 0.234375 0.53515625 0.0185546875 0.013671875
3 0.8115234375 0.537109375 0.021484375 0.0126953125
3 0.4453125 0.4873046875 0.017578125 0.0107421875
2 0.5380859375 0.4736328125 0.09375 0.0634765625
3 0.267578125 0.3720703125 0.017578125 0.0107421875
3 0.6328125 0.541015625 0.017578125 0.01171875
1 0.447265625 0.587890625 0.1005859375 0.072265625
3 0.6240234375 0.4833984375 0.0166015625 0.009765625
1 0.31640625 0.6806640625 0.1123046875 0.0830078125
3 0.6982421875 0.431640625 0.0166015625 0.0107421875
3 0.5302734375 0.4345703125 0.013671875 0.0107421875
3 0.53125 0.388671875 0.0146484375 0.0078125
3 0.4384765625 0.5400390625 0.017578125 0.01171875
3 0.7490234375 0.673828125 0.029296875 0.0302734375
3 0.533203125 0.6064453125 0.0302734375 0.0244140625