0 0.515625 0.54296875 0.8984375 0.59765625
2 0.7783203125 0.3125 0.0751953125 0.0498046875
2 0.509765625 0.306640625 0.0986328125 0.0625
2 0.3017578125 0.4951171875 0.07421875 0.0625
2 0.2919921875 0.6484375 0.10546875 0.07421875
2 0.71484375 0.6455078125 0.1025390625 0.087890625
1 0.3203125 0.357421875 0.0888671875 0.048828125
1 0.716796875 0.373046875 0.10546875 0.05859375
1 0.6083984375 0.5712890625 0.103515625 0.08203125
1 0.3974609375 0.5634765625 0.0947265625 0.0732421875
3 0.23046875 0.30078125 0.0400390625 0.0283203125
3 0.5146484375 0.359375 0.037109375 0.0302734375
3 0.515625 0.419921875 0.0380859375 0.02734375
3 0.4111328125 0.41796875 0.0400390625 0.02734375
3 0.6083984375 0.421875 0.0390625 0.0283203125
3 0.4111328125 0.4873046875 0.0419921875 0.0244140625
3 0.193359375 0.4853515625 0.052734375 0.033203125
3 0.6181640625 0.5 0.0390625 0.0341796875
3 0.724609375 0.5068359375 0.037109375 0.0283203125
3 0.8193359375 0.5087890625 0.0439453125 0.03125
3 0.517578125 0.5634765625 0.0546875 0.0322265625
3 0.5146484375 0.650390625 0.0458984375 0.0322265625
3 0.1416015625 0.740234375 0.041015625 0.033203125
3 0.509765625 0.7431640625 0.0458984375 0.0390625
3 0.87890625 0.748046875 0.0419921875 0.0302734375