3 0.7890625 0.4921875 0.017578125 0.01171875
1 0.6396484375 0.4912109375 0.0927734375 0.0654296875
1 0.7373046875 0.62109375 0.1025390625 0.0751953125
3 0.2431640625 0.4931640625 0.01953125 0.01171875
2 0.669921875 0.380859375 0.0849609375 0.056640625
3 0.5283203125 0.4365234375 0.015625 0.009765625
3 0.3466796875 0.3857421875 0.017578125 0.009765625
3 0.345703125 0.4931640625 0.0185546875 0.01171875
3 0.5419921875 0.5537109375 0.0185546875 0.01171875
3 0.6162109375 0.4365234375 0.0166015625 0.009765625
3 0.455078125 0.5498046875 0.0185546875 0.0126953125
3 0.857421875 0.6826171875 0.01953125 0.0146484375
3 0.2529296875 0.33203125 0.017578125 0.0107421875
3 0.4453125 0.439453125 0.0166015625 0.009765625
3 0.7373046875 0.3447265625 0.0146484375 0.0087890625
3 0.548828125 0.6201171875 0.01953125 0.013671875
2 0.361328125 0.61328125 0.1044921875 0.0771484375
1 0.5244140625 0.375 0.0849609375 0.05859375
3 0.556640625 0.69140625 0.0205078125 0.0146484375
3 0.5166015625 0.341796875 0.015625 0.0087890625
2 0.2763671875 0.69140625 0.1181640625 0.0849609375
3 0.2197265625 0.7021484375 0.0146484375 0.0146484375
3 0.7099609375 0.4912109375 0.0302734375 0.017578125
3 0.6455078125 0.5478515625 0.0380859375 0.013671875
0 0.564453125 0.546875 0.76171875 0.5146484375
1 0.4423828125 0.484375 0.119140625 0.0791015625