1 0.8642578125 0.6943359375 0.1201171875 0.0849609375
1 0.38671875 0.591796875 0.123046875 0.0771484375
1 0.5595703125 0.6796875 0.1064453125 0.083984375
1 0.5673828125 0.5263671875 0.1025390625 0.0771484375
2 0.7255859375 0.39453125 0.076171875 0.060546875
2 0.736328125 0.498046875 0.08984375 0.0732421875
2 0.564453125 0.603515625 0.1123046875 0.080078125
3 0.2509765625 0.6611328125 0.03125 0.03125
3 0.302734375 0.4755859375 0.02734375 0.0234375
3 0.392578125 0.4833984375 0.017578125 0.0107421875
3 0.482421875 0.541015625 0.015625 0.01171875
3 0.3369140625 0.3271484375 0.0166015625 0.009765625
3 0.5693359375 0.44140625 0.017578125 0.009765625
3 0.482421875 0.48828125 0.015625 0.009765625
3 0.7509765625 0.619140625 0.017578125 0.0126953125
3 0.576171875 0.3544921875 0.015625 0.0087890625
3 0.7919921875 0.3603515625 0.0146484375 0.0087890625
3 0.4111328125 0.3837890625 0.015625 0.009765625
3 0.66015625 0.5517578125 0.015625 0.0107421875
3 0.5712890625 0.396484375 0.015625 0.0087890625
3 0.6591796875 0.498046875 0.0146484375 0.009765625
3 0.654296875 0.4453125 0.015625 0.009765625
3 0.490234375 0.439453125 0.0126953125 0.0087890625
3 0.81640625 0.5029296875 0.0302734375 0.0185546875
0 0.6005859375 0.521484375 0.7607421875 0.544921875