0 0.5439453125 0.5361328125 0.87109375 0.5400390625
3 0.87109375 0.7333984375 0.05078125 0.0341796875
3 0.5107421875 0.646484375 0.033203125 0.0263671875
3 0.5048828125 0.560546875 0.0478515625 0.0283203125
3 0.4033203125 0.55859375 0.03125 0.0224609375
3 0.15625 0.7509765625 0.037109375 0.029296875
3 0.2978515625 0.4931640625 0.0390625 0.02734375
3 0.19140625 0.494140625 0.046875 0.0263671875
3 0.392578125 0.4208984375 0.0341796875 0.02734375
3 0.5009765625 0.4140625 0.046875 0.02734375
3 0.6142578125 0.48828125 0.0400390625 0.0234375
3 0.8203125 0.4921875 0.04296875 0.0205078125
3 0.7783203125 0.2998046875 0.0283203125 0.0234375
3 0.6962890625 0.3515625 0.0361328125 0.01953125
3 0.4990234375 0.359375 0.041015625 0.0185546875
3 0.2216796875 0.3115234375 0.0478515625 0.0205078125
2 0.306640625 0.3681640625 0.0751953125 0.060546875
2 0.58203125 0.4169921875 0.0908203125 0.06640625
2 0.603515625 0.5634765625 0.0849609375 0.07421875
2 0.7255859375 0.630859375 0.123046875 0.099609375
2 0.51171875 0.7607421875 0.115234375 0.0966796875
1 0.7060546875 0.490234375 0.0849609375 0.0615234375
1 0.29296875 0.6552734375 0.08984375 0.0693359375
1 0.40234375 0.490234375 0.0986328125 0.064453125
1 0.501953125 0.2958984375 0.080078125 0.060546875