0 0.58984375 0.556640625 0.791015625 0.4736328125
1 0.9013671875 0.7353515625 0.1357421875 0.1005859375
1 0.7314453125 0.6376953125 0.1220703125 0.09375
1 0.5498046875 0.57421875 0.107421875 0.083984375
1 0.533203125 0.3974609375 0.1201171875 0.0732421875
2 0.2998046875 0.3564453125 0.109375 0.060546875
2 0.72265625 0.521484375 0.10546875 0.068359375
2 0.5361328125 0.4619140625 0.0966796875 0.052734375
3 0.328125 0.6494140625 0.0419921875 0.029296875
3 0.5419921875 0.7333984375 0.029296875 0.029296875
3 0.5419921875 0.65234375 0.033203125 0.021484375
3 0.201171875 0.734375 0.0361328125 0.0185546875
3 0.251953125 0.5185546875 0.025390625 0.0205078125
3 0.34765625 0.5185546875 0.0283203125 0.0205078125
3 0.4423828125 0.5771484375 0.0185546875 0.0126953125
3 0.7783203125 0.359375 0.017578125 0.01171875
3 0.7001953125 0.4091796875 0.015625 0.0107421875
3 0.53125 0.36328125 0.0166015625 0.01171875
3 0.4384765625 0.5185546875 0.0146484375 0.009765625
3 0.4404296875 0.4599609375 0.0166015625 0.009765625
3 0.6298828125 0.51953125 0.017578125 0.01171875
3 0.8154296875 0.521484375 0.03125 0.017578125
3 0.6298828125 0.57421875 0.0322265625 0.0166015625
3 0.6162109375 0.458984375 0.037109375 0.0185546875
3 0.3583984375 0.41015625 0.029296875 0.01953125