0 0.48046875 0.5224609375 0.90234375 0.4990234375
2 0.439453125 0.708984375 0.1103515625 0.056640625
2 0.45703125 0.615234375 0.0927734375 0.056640625
2 0.255859375 0.4755859375 0.083984375 0.0595703125
2 0.7392578125 0.3095703125 0.107421875 0.052734375
2 0.82421875 0.6962890625 0.138671875 0.078125
1 0.462890625 0.2939453125 0.0771484375 0.044921875
1 0.275390625 0.353515625 0.1083984375 0.0517578125
1 0.4541015625 0.408203125 0.078125 0.0556640625
1 0.482421875 0.5400390625 0.0947265625 0.0634765625
3 0.1953125 0.294921875 0.0400390625 0.0263671875
3 0.462890625 0.345703125 0.0419921875 0.021484375
3 0.6455078125 0.3486328125 0.05859375 0.02734375
3 0.5517578125 0.41015625 0.0419921875 0.021484375
3 0.357421875 0.4072265625 0.0517578125 0.0205078125
3 0.15625 0.4765625 0.0478515625 0.025390625
3 0.3466796875 0.4755859375 0.0498046875 0.0244140625
3 0.5546875 0.470703125 0.0517578125 0.02734375
3 0.666015625 0.4736328125 0.0517578125 0.02734375
3 0.7724609375 0.46875 0.0771484375 0.0302734375
3 0.5673828125 0.5380859375 0.0771484375 0.017578125
3 0.34765625 0.5517578125 0.0595703125 0.0322265625
3 0.236328125 0.6240234375 0.048828125 0.037109375
3 0.1064453125 0.71484375 0.0556640625 0.0390625
3 0.6796875 0.6171875 0.0498046875 0.03515625