0 0.4921875 0.51953125 0.9404296875 0.5791015625
2 0.8828125 0.7353515625 0.1123046875 0.0859375
2 0.498046875 0.7548828125 0.130859375 0.0908203125
2 0.6083984375 0.4677734375 0.0869140625 0.0654296875
2 0.4951171875 0.34765625 0.0869140625 0.060546875
2 0.1611328125 0.4765625 0.087890625 0.0712890625
3 0.1142578125 0.7333984375 0.048828125 0.037109375
3 0.255859375 0.6318359375 0.0673828125 0.037109375
3 0.732421875 0.63671875 0.0439453125 0.03515625
3 0.603515625 0.5400390625 0.0537109375 0.029296875
3 0.498046875 0.548828125 0.0380859375 0.0380859375
3 0.388671875 0.541015625 0.0302734375 0.0283203125
3 0.3955078125 0.470703125 0.0439453125 0.033203125
3 0.287109375 0.46875 0.0478515625 0.029296875
3 0.71875 0.482421875 0.044921875 0.03515625
3 0.82421875 0.48046875 0.04296875 0.044921875
3 0.595703125 0.3955078125 0.0439453125 0.03515625
3 0.4990234375 0.3974609375 0.0458984375 0.03125
3 0.298828125 0.33984375 0.03125 0.033203125
3 0.2099609375 0.283203125 0.0302734375 0.03125
3 0.5 0.2880859375 0.033203125 0.033203125
1 0.4052734375 0.4091796875 0.0927734375 0.064453125
1 0.6796875 0.34375 0.10546875 0.0625
1 0.7802734375 0.291015625 0.0947265625 0.05859375
1 0.521484375 0.6376953125 0.126953125 0.072265625