0 0.5693359375 0.5703125 0.857421875 0.478515625
1 0.576171875 0.740234375 0.125 0.0947265625
1 0.798828125 0.513671875 0.10546875 0.0751953125
2 0.55859375 0.646484375 0.1083984375 0.083984375
2 0.654296875 0.525390625 0.107421875 0.068359375
3 0.2578125 0.3779296875 0.0234375 0.015625
3 0.3564453125 0.4287109375 0.041015625 0.0380859375
3 0.447265625 0.478515625 0.03515625 0.0244140625
3 0.5517578125 0.58984375 0.0380859375 0.015625
3 0.451171875 0.5322265625 0.0185546875 0.01171875
3 0.7265625 0.517578125 0.017578125 0.01171875
1 0.3544921875 0.525390625 0.095703125 0.06640625
3 0.625 0.466796875 0.017578125 0.0107421875
3 0.7509765625 0.3623046875 0.0166015625 0.009765625
3 0.2275390625 0.75390625 0.0234375 0.017578125
3 0.525390625 0.423828125 0.0166015625 0.009765625
3 0.5341796875 0.47265625 0.0166015625 0.009765625
3 0.248046875 0.5390625 0.01953125 0.0126953125
3 0.6904296875 0.4140625 0.0166015625 0.009765625
3 0.3515625 0.669921875 0.021484375 0.0146484375
2 0.5390625 0.375 0.0849609375 0.0546875