0 0.4853515625 0.5078125 0.876953125 0.521484375
3 0.818359375 0.6923828125 0.0400390625 0.0341796875
3 0.466796875 0.7001953125 0.044921875 0.0302734375
3 0.4736328125 0.62109375 0.0439453125 0.03515625
3 0.248046875 0.6279296875 0.0458984375 0.02734375
3 0.4697265625 0.5517578125 0.0322265625 0.03125
3 0.58203125 0.5478515625 0.0517578125 0.0283203125
3 0.673828125 0.47265625 0.0419921875 0.025390625
3 0.7724609375 0.4755859375 0.0419921875 0.029296875
3 0.7373046875 0.283203125 0.0458984375 0.0205078125
3 0.5576171875 0.4111328125 0.04296875 0.0263671875
3 0.4677734375 0.412109375 0.0419921875 0.0263671875
3 0.373046875 0.4140625 0.0361328125 0.025390625
3 0.359375 0.4736328125 0.03125 0.021484375
3 0.154296875 0.4755859375 0.041015625 0.0263671875
3 0.1904296875 0.287109375 0.029296875 0.0224609375
2 0.4775390625 0.287109375 0.07421875 0.052734375
2 0.2841796875 0.357421875 0.08203125 0.0546875
2 0.63671875 0.3388671875 0.0625 0.0537109375
2 0.6943359375 0.61328125 0.09375 0.0771484375
2 0.3681640625 0.556640625 0.083984375 0.060546875
1 0.4404296875 0.337890625 0.083984375 0.046875
1 0.5751953125 0.455078125 0.091796875 0.0634765625
1 0.259765625 0.482421875 0.078125 0.06640625
1 0.1279296875 0.7080078125 0.11328125 0.072265625