0 0.529296875 0.4580078125 0.90625 0.53515625
2 0.2275390625 0.216796875 0.0947265625 0.060546875
2 0.517578125 0.205078125 0.0771484375 0.052734375
2 0.4052734375 0.4248046875 0.083984375 0.0673828125
2 0.85546875 0.4228515625 0.0791015625 0.068359375
1 0.5244140625 0.55859375 0.1103515625 0.072265625
1 0.505859375 0.2841796875 0.1025390625 0.052734375
1 0.6259765625 0.48046875 0.09375 0.05859375
1 0.31640625 0.56640625 0.1044921875 0.08203125
3 0.1650390625 0.654296875 0.107421875 0.0849609375
3 0.5263671875 0.6572265625 0.0439453125 0.033203125
3 0.892578125 0.654296875 0.04296875 0.03125
3 0.7568359375 0.5732421875 0.0498046875 0.033203125
3 0.5126953125 0.5068359375 0.056640625 0.0244140625
3 0.4140625 0.5048828125 0.0625 0.0263671875
3 0.298828125 0.4208984375 0.05859375 0.029296875
3 0.193359375 0.4150390625 0.0439453125 0.0263671875
3 0.314453125 0.28515625 0.0439453125 0.021484375
3 0.408203125 0.357421875 0.052734375 0.03125
3 0.5205078125 0.3544921875 0.056640625 0.0283203125
3 0.6162109375 0.3544921875 0.0693359375 0.033203125
3 0.6357421875 0.421875 0.0498046875 0.0205078125
3 0.7314453125 0.427734375 0.060546875 0.0263671875
3 0.7099609375 0.287109375 0.056640625 0.037109375
3 0.79296875 0.2197265625 0.0390625 0.02734375
3 0.4677734375 0.013671875 0.01171875 0.0263671875