0 0.5107421875 0.50390625 0.9375 0.5478515625
1 0.2099609375 0.2724609375 0.0673828125 0.0546875
1 0.2919921875 0.3388671875 0.109375 0.064453125
1 0.4052734375 0.529296875 0.1220703125 0.0595703125
1 0.71484375 0.4482421875 0.119140625 0.076171875
2 0.7890625 0.263671875 0.0830078125 0.052734375
2 0.486328125 0.3876953125 0.1025390625 0.0625
2 0.296875 0.466796875 0.1044921875 0.06640625
2 0.8564453125 0.4619140625 0.111328125 0.076171875
3 0.4970703125 0.71875 0.1337890625 0.09765625
3 0.87109375 0.7099609375 0.044921875 0.0390625
3 0.7412109375 0.6142578125 0.0634765625 0.04296875
3 0.4931640625 0.6171875 0.05078125 0.0341796875
3 0.263671875 0.6201171875 0.05859375 0.0380859375
3 0.1416015625 0.7119140625 0.0595703125 0.0400390625
3 0.599609375 0.53125 0.056640625 0.037109375
3 0.498046875 0.537109375 0.0712890625 0.037109375
3 0.587890625 0.458984375 0.0712890625 0.037109375
3 0.37890625 0.462890625 0.0673828125 0.037109375
3 0.1845703125 0.462890625 0.0712890625 0.0419921875
3 0.376953125 0.39453125 0.0595703125 0.029296875
3 0.587890625 0.39453125 0.0732421875 0.033203125
3 0.6904296875 0.3271484375 0.0732421875 0.0361328125
3 0.498046875 0.3251953125 0.037109375 0.021484375
3 0.50390625 0.26953125 0.05078125 0.03515625