0 0.4912109375 0.5029296875 0.880859375 0.53125
1 0.5009765625 0.2744140625 0.1376953125 0.05859375
1 0.5068359375 0.3486328125 0.1279296875 0.072265625
1 0.244140625 0.3525390625 0.119140625 0.064453125
1 0.3876953125 0.4375 0.146484375 0.05859375
1 0.2412109375 0.501953125 0.130859375 0.0654296875
1 0.3837890625 0.5078125 0.1337890625 0.0595703125
1 0.2392578125 0.6484375 0.1201171875 0.0693359375
2 0.767578125 0.3525390625 0.146484375 0.0703125
2 0.619140625 0.4365234375 0.1494140625 0.0576171875
2 0.7705078125 0.4990234375 0.138671875 0.078125
2 0.6171875 0.501953125 0.1484375 0.052734375
2 0.626953125 0.556640625 0.1591796875 0.060546875
2 0.9033203125 0.7275390625 0.125 0.0615234375
3 0.9013671875 0.267578125 0.07421875 0.044921875
3 0.9150390625 0.4990234375 0.080078125 0.0439453125
3 0.767578125 0.6435546875 0.09375 0.041015625
3 0.486328125 0.65234375 0.08984375 0.0283203125
3 0.5068359375 0.73046875 0.0859375 0.0439453125
3 0.0869140625 0.734375 0.0859375 0.037109375
3 0.08203125 0.505859375 0.0859375 0.0419921875
3 0.08203125 0.275390625 0.0859375 0.0361328125