452.07784718885154 372.9404132628544 449.9291686689092 153.77520422873616 54.731859682844785 157.6496876501682 56.880538202787136 376.81489668428645 0 0
380 183.00000000000006 333 183.00000000000006 333 207.00000000000006 380 207.00000000000006 2 0
318 217.00000000000006 278 217.00000000000006 278 242.00000000000006 318 242.00000000000006 2 0
384 250.00000000000006 348 250.00000000000006 348 274 384 274 1 0
370 311 330 311 330 339 370 339 2 0
423 163.00000000000006 392 163.00000000000006 392 179.00000000000006 423 179.00000000000006 3 0
427 250.00000000000006 405 250.00000000000006 405 269 427 269 3 0
433 346 408 346 408 364 433 364 3 0
270 350 237.00000000000006 350 237.00000000000006 366 270 366 3 0
265 318 242.00000000000006 318 242.00000000000006 331 265 331 3 0
262 281 239.00000000000006 281 239.00000000000006 299 262 299 3 0
260 163.00000000000003 232 163 232 180.00000000000003 260 180.00000000000006 3 0
259 192.00000000000006 236 192.00000000000006 236 208.00000000000006 259 208.00000000000006 3 0
98.00000000000003 167 71.00000000000003 167 71.00000000000003 181 98.00000000000003 181 3 0
151 193 128 193 128 208 151 208 3 0
205.00000000000003 220 177 220 177.00000000000003 239 205.00000000000006 239 3 0
260 220.00000000000006 234 220.00000000000006 234.00000000000003 235.00000000000006 260 235.00000000000006 3 0
215.00000000000006 282 184.00000000000006 282 184.00000000000006 298 215.00000000000006 298 3 0
154.00000000000006 316 128.00000000000006 316 128.00000000000006 333 154.00000000000006 333 3 0
97.00000000000006 352 74.00000000000006 352 74.00000000000006 370 97.00000000000006 370 3 0
108.00000000000003 240 73.00000000000003 240 73.00000000000003 267 108.00000000000003 267 1 0
159.00000000000006 241 117.00000000000003 241 117.00000000000003 270 159.00000000000006 270 1 0
209.00000000000006 240 166.00000000000006 240 166.00000000000006 271 209.00000000000006 271 1 0
332 248.00000000000006 289 248.00000000000006 289 274 332 274 2 0
314 271 277 271 277 300 314 300 2 0