477.2347260000001 343.9453330000002 463.0113990372761 95.14500585045931 -3.61590868194763 121.82098672019906 10.607418280776367 370.62131386973994 0 0
39.000000000000014 131 11.000000000000018 131 11.000000000000018 150 39.000000000000014 150 3 0
236 122.00000000000003 198 122.00000000000003 198 139.00000000000003 236 139.00000000000006 3 0
408 112.00000000000006 378 112.00000000000006 378 130.00000000000006 408 130.00000000000006 3 0
432 212.00000000000006 398 212.00000000000006 398 230.00000000000006 432 230.00000000000006 3 0
383 282 348 282 348 300 383 300 3 0
308 215.00000000000006 277 215.00000000000006 277 241.00000000000006 308 241.00000000000006 3 0
299 179.00000000000006 267 179.00000000000006 267 197.00000000000006 299 197.00000000000006 3 0
241 184.00000000000003 202 184 202 199.00000000000003 241 199.00000000000006 3 0
171 186 144 186 144 205 171 205 3 0
194.00000000000006 256 155.00000000000006 256 155.00000000000006 272 194.00000000000006 272 3 0
180.00000000000003 223 150 223 150.00000000000003 240 180.00000000000006 240 3 0
248.00000000000006 255.00000000000003 218.00000000000006 255 218.00000000000006 275 248.00000000000006 275 3 0
254.00000000000006 291 229.00000000000006 291 229.00000000000006 308 254.00000000000006 308 3 0
117.00000000000003 224 90.00000000000003 224 90.00000000000003 247 117.00000000000003 247 3 0
76.00000000000004 337 46.00000000000004 337 46.00000000000004 360 76.00000000000006 360 3 0
73.00000000000003 215 16.00000000000003 215 16.00000000000003 246 73.00000000000003 246 1 0
127.00000000000003 151 73.00000000000003 151 73.00000000000003 182 127.00000000000003 182 1 0
352 143.00000000000006 296 143.00000000000006 296 176.00000000000006 352 176.00000000000006 1 0
456 304 398 304 398 342 456 342 1 0
290 316 225.00000000000006 316 225.00000000000006 343 290 343 2 0
154.00000000000006 289 101.00000000000003 289 101.00000000000003 326 154.00000000000006 326 2 0
389 204.00000000000006 345 204.00000000000006 345 244.00000000000006 389 244.00000000000006 2 0
246 150.00000000000003 193 150 193 184.00000000000003 246 184.00000000000006 2 0