2 0.5673828125 0.5546875 0.091796875 0.05078125
2 0.677734375 0.505859375 0.083984375 0.0537109375
2 0.583984375 0.4384765625 0.078125 0.0478515625
1 0.2978515625 0.380859375 0.0986328125 0.0439453125
1 0.8076171875 0.513671875 0.0869140625 0.0517578125
1 0.1875 0.4775390625 0.0859375 0.05078125
1 0.3671875 0.482421875 0.076171875 0.046875
3 0.1904296875 0.322265625 0.0517578125 0.029296875
3 0.49609375 0.328125 0.0380859375 0.0341796875
3 0.49609375 0.3818359375 0.0498046875 0.03515625
3 0.701171875 0.3818359375 0.0517578125 0.03125
3 0.3828125 0.431640625 0.0380859375 0.029296875
3 0.4921875 0.4345703125 0.041015625 0.025390625
3 0.2744140625 0.4931640625 0.048828125 0.037109375
3 0.2666015625 0.619140625 0.068359375 0.03125
3 0.384765625 0.552734375 0.046875 0.0263671875
3 0.484375 0.556640625 0.0341796875 0.025390625
3 0.48828125 0.626953125 0.05078125 0.025390625
3 0.4755859375 0.6865234375 0.0693359375 0.041015625
3 0.14453125 0.68359375 0.0615234375 0.029296875
3 0.8037109375 0.6982421875 0.068359375 0.0390625
3 0.59765625 0.5029296875 0.041015625 0.0302734375
2 0.67578125 0.6220703125 0.0927734375 0.0595703125
2 0.84765625 0.349609375 0.095703125 0.0625
0 0.4970703125 0.51953125 0.826171875 0.4931640625