494 175.00000000000003 45.00000000000003 175 45.00000000000004 428.00000000000006 494 428.0000000000001 0 0
99.00000000000003 192 76.00000000000003 192 76.00000000000003 211 99.00000000000003 211 3 0
452 193.00000000000006 422 193.00000000000006 422 209.00000000000006 452 209.00000000000006 3 0
456 287 433 287 433 305 456 305 3 0
403 289 371 289 371 305 403 305 3 0
343 289 313 289 313 303 343 303 3 0
335 252.00000000000006 307 252.00000000000006 307 269 335 269 3 0
216.00000000000006 251 188.00000000000006 251 188.00000000000006 269 216.00000000000006 269 3 0
217.00000000000006 286 190.00000000000006 286 190.00000000000006 303 217.00000000000006 303 3 0
160.00000000000006 285 133.00000000000006 285 133.00000000000006 305 160.00000000000006 305 3 0
226.00000000000006 319 190.00000000000006 319 190.00000000000006 338 226.00000000000006 338 3 0
283 319 245.00000000000006 319 245.00000000000006 339 283 339 3 0
347 320 308 320 308 335 347 335 3 0
283 359 251.00000000000006 359 251.00000000000006 377 283 377 3 0
405 357 373 357 373 373 405 373 3 0
97.00000000000006 396 70.00000000000006 396 70.00000000000006 412 97.00000000000006 412 3 0
115.00000000000003 274 75.00000000000003 274 75.00000000000003 303 115.00000000000003 303 1 0
179.00000000000003 214 126.00000000000003 214 126.00000000000003 245 179.00000000000006 245 1 0
397 218.00000000000006 339 218.00000000000006 339 247.00000000000006 397 247.00000000000006 1 0
471 380.00000000000006 417 380 417 417.00000000000006 471 417.0000000000001 1 0
307 381 259 381 259 408 307 408 2 0
184.00000000000006 350 127.00000000000006 350 127.00000000000006 385 184.00000000000006 385 2 0
289 245.00000000000006 239.00000000000006 245.00000000000006 239.00000000000006 273 289 273 2 0
294 215.00000000000006 243 215.00000000000006 243.00000000000003 239.00000000000006 294 239.00000000000006 2 0
300 177.00000000000006 251 177.00000000000006 251 206.00000000000006 300 206.00000000000006 2 0