3 0.048828125 0.2744140625 0.0537109375 0.037109375
3 0.4228515625 0.2548828125 0.07421875 0.0322265625
3 0.7666015625 0.2353515625 0.05859375 0.03515625
3 0.810546875 0.4306640625 0.0654296875 0.03515625
3 0.712890625 0.568359375 0.068359375 0.03515625
3 0.5712890625 0.4453125 0.0595703125 0.05078125
3 0.552734375 0.3671875 0.0625 0.0361328125
3 0.4326171875 0.373046875 0.0751953125 0.029296875
3 0.3076171875 0.3818359375 0.0537109375 0.0361328125
3 0.3408203125 0.515625 0.076171875 0.03125
3 0.322265625 0.451171875 0.05859375 0.033203125
3 0.455078125 0.5166015625 0.0595703125 0.0390625
3 0.4716796875 0.5849609375 0.0478515625 0.033203125
3 0.2021484375 0.4599609375 0.052734375 0.0439453125
3 0.119140625 0.6806640625 0.0595703125 0.044921875
1 0.0859375 0.44921875 0.111328125 0.060546875
1 0.1953125 0.32421875 0.1064453125 0.060546875
1 0.6328125 0.310546875 0.1103515625 0.064453125
1 0.833984375 0.630859375 0.1123046875 0.0732421875
2 0.5029296875 0.6435546875 0.1279296875 0.0537109375
2 0.2490234375 0.6005859375 0.1025390625 0.072265625
2 0.7158203125 0.4375 0.0859375 0.0791015625
2 0.4287109375 0.3251953125 0.103515625 0.06640625
0 0.4814453125 0.4580078125 0.9501953125 0.5517578125