83.00000000000003 187 54.00000000000003 187 54.00000000000003 204 83.00000000000003 204 3 0
256 175.00000000000003 228 175 228 191.00000000000003 256 191.00000000000006 3 0
420 160.00000000000006 395 160.00000000000006 395 179.00000000000006 420 179.00000000000006 3 0
449 250.00000000000006 422 250.00000000000006 422 271 449 271 3 0
479 350.00000000000006 454 350 454 372.00000000000006 479 372.0000000000001 3 0
418 320 384 320 384 340 418 340 3 0
179.00000000000006 342 158.00000000000006 342 158.00000000000006 361 179.00000000000006 361 3 0
287 296 260 296 260 316 287 316 3 0
338 261 310 261 310 278 338 278 3 0
326 227.00000000000006 297 227.00000000000006 297 242.00000000000006 326 242.00000000000006 3 0
271 232.00000000000006 245 232.00000000000006 245.00000000000003 249.00000000000006 271 249.00000000000006 3 0
212.00000000000006 234 183.00000000000006 234 183.00000000000006 256 212.00000000000006 256 3 0
221.00000000000006 268 195.00000000000006 268 195.00000000000006 289 221.00000000000006 289 3 0
111.00000000000003 278 79.00000000000003 278 79.00000000000003 297 111.00000000000003 297 3 0
129.00000000000006 385 106.00000000000006 385 106.00000000000006 403 129.00000000000006 403 3 0
168.00000000000003 200 112.00000000000003 200 112.00000000000003 235 168.00000000000006 235 1 0
189.00000000000006 265 144.00000000000006 265 144.00000000000006 297 189.00000000000006 297 1 0
322 321 272 321 272 350 322 350 1 0
375 194.00000000000006 321 194.00000000000006 321 225.00000000000006 375 225.00000000000006 1 0
351 284 308 284 308 312 351 312 2 0
414 251.00000000000006 371 251.00000000000006 371 280 414 280 2 0
333 351 277 351 277 381 333 381 2 0
503.78287399999994 374.504267 479.9389457293047 136.09850628522867 34.76527399999999 180.622133 58.60920227069525 419.0278937147714 0 0
279 198.00000000000003 221 198 221 226.00000000000003 279 226.00000000000006 2 0
238.00000000000006 289 188.00000000000006 289 188.00000000000006 319 238.00000000000006 319 2 0