471 138.00000000000003 32.000000000000014 138 32.00000000000003 396.00000000000006 471 396.0000000000001 0 0
85.00000000000003 172 52.000000000000014 172 52.00000000000002 191 85.00000000000003 191 3 0
401 153.00000000000006 370 153.00000000000006 370 171.00000000000006 401 171.00000000000006 3 0
357 183.00000000000006 316 183.00000000000006 316 199.00000000000006 357 199.00000000000006 3 0
415 239.00000000000006 395 239.00000000000006 395 258 415 258 3 0
370 240.00000000000006 340 240.00000000000006 340 262 370 262 3 0
384 297 346 297 346 320 384 320 3 0
303 212.00000000000006 275 212.00000000000006 275 231.00000000000006 303 231.00000000000006 3 0
313 246.00000000000006 289 246.00000000000006 289 261 313 261 3 0
319 268 291 268 291 293 319 293 3 0
270 275 234.00000000000006 275 234.00000000000006 294 270 294 3 0
219.00000000000006 279 182.00000000000006 279 182.00000000000006 301 219.00000000000006 301 3 0
204.00000000000003 218 168 218 168.00000000000003 241 204.00000000000006 241 3 0
141 197 107.00000000000003 197 107.00000000000003 215 141 215 3 0
167.00000000000006 314 136.00000000000006 314 136.00000000000006 337 167.00000000000006 337 3 0
117.00000000000006 353 92.00000000000006 353 92.00000000000006 371 117.00000000000006 371 3 0
112.00000000000003 247 66.00000000000003 247 66.00000000000003 271 112.00000000000003 271 1 0
151.00000000000006 240 111.00000000000003 240 111.00000000000003 268 151.00000000000006 268 1 0
221.00000000000006 247 182.00000000000006 247 182.00000000000006 270 221.00000000000006 270 1 0
446 328 403 328 403 351 446 351 1 0
278 293 236.00000000000006 293 236.00000000000006 321 278 321 2 0
303 328 256 328 256 359 303 359 2 0
262 216.00000000000003 223 216 223.00000000000003 240.00000000000003 262 240.00000000000006 2 0
247 179.00000000000003 204 179 204 205.00000000000003 247 205.00000000000006 2 0
260 152.00000000000003 220 152 220 176.00000000000003 260 176.00000000000006 2 0