507.5754669999999 353.184 482.39238195658123 121.97010810723032 31.53352611584043 171.0762271914655 56.71661115925914 402.29011908423524 0 0
160 190 112.00000000000003 190 112.00000000000003 217 160 217 1 0
370 176.00000000000006 318 176.00000000000006 318 203.00000000000006 370 203.00000000000006 1 0
318 302 269 302 269 332 318 332 1 0
127.00000000000003 253 82.00000000000003 253 82.00000000000003 279 127.00000000000003 279 1 0
86.00000000000003 172 57.000000000000014 172 57.00000000000002 198 86.00000000000003 198 3 0
246 158.00000000000003 216 158 216 179.00000000000003 246 179.00000000000006 3 0
413 141.00000000000006 382 141.00000000000006 382 163.00000000000006 413 163.00000000000006 3 0
446 233.00000000000006 420 233.00000000000006 420 252.00000000000006 446 252.00000000000006 3 0
477 328.00000000000006 455 328 455 345.00000000000006 477 345.0000000000001 3 0
413 304 386 304 386 317 413 317 3 0
334 243.00000000000006 310 243.00000000000006 310 261 334 261 3 0
319 209.00000000000006 291 209.00000000000006 291 227.00000000000006 319 227.00000000000006 3 0
266 216.00000000000006 237 216.00000000000006 237 230.00000000000006 266 230.00000000000006 3 0
214.00000000000003 221 182 221 182.00000000000003 239 214.00000000000006 239 3 0
224.00000000000006 250 185.00000000000006 250 185.00000000000006 274 224.00000000000006 274 3 0
236.00000000000006 281 202.00000000000006 281 202.00000000000006 303 236.00000000000006 303 3 0
289 277 257 277 257 295 289 295 3 0
170.00000000000006 258 141.00000000000006 258 141.00000000000006 280 170.00000000000006 280 3 0
141.00000000000006 365 109.00000000000006 365 109.00000000000006 387 141.00000000000006 387 3 0
216.00000000000006 317 158.00000000000006 317 158.00000000000006 351 216.00000000000006 351 2 0
334 333 275 333 275 364 334 364 2 0
352 265 305 265 305 295 352 295 2 0
413 231.00000000000006 356 231.00000000000006 356 261 413 261 2 0
275 181.00000000000003 229 181 229 213.00000000000003 275 213.00000000000006 2 0