489 323.00000000000006 425 323 425 357.00000000000006 489 357.0000000000001 1 0
146.00000000000006 250 103.00000000000003 250 103.00000000000003 278 146.00000000000006 278 1 0
188.00000000000006 242 149.00000000000006 242 149.00000000000006 272 188.00000000000006 272 1 0
258 250.00000000000003 217.00000000000006 250 217.00000000000006 276 258 276 1 0
116.00000000000003 179 90.00000000000003 179 90.00000000000003 197 116.00000000000003 197 3 0
279 169.00000000000006 247 169.00000000000006 247 184.00000000000006 279 184.00000000000006 3 0
384 183.00000000000006 354 183.00000000000006 354 202.00000000000006 384 202.00000000000006 3 0
453 242.00000000000006 427 242.00000000000006 427 259 453 259 3 0
410 247.00000000000006 376 247.00000000000006 376 270 410 270 3 0
348 249.00000000000006 321 249.00000000000006 321 263 348 263 3 0
349 274 323 274 323 292 349 292 3 0
418 307 384 307 384 323 418 323 3 0
298 283 280 283 280 296 298 296 3 0
254.00000000000006 285 222.00000000000006 285 222.00000000000006 300 254.00000000000006 300 3 0
235.00000000000003 225.00000000000003 210 225 210.00000000000003 241.00000000000003 235.00000000000006 241.00000000000006 3 0
281 221.00000000000006 258 221.00000000000006 258 237.00000000000006 281 237.00000000000006 3 0
174 205 144 205 144 215 174 215 3 0
154.00000000000006 358 128.00000000000006 358 128.00000000000006 375 154.00000000000006 375 3 0
202.00000000000006 321 174.00000000000006 321 174.00000000000006 342 202.00000000000006 342 3 0
445 156.00000000000006 391 156.00000000000006 391 181.00000000000006 445 181.00000000000006 2 0
284 187.00000000000006 237 187.00000000000006 237 215.00000000000006 284 215.00000000000006 2 0
340 211.00000000000006 293 211.00000000000006 293 238.00000000000006 340 238.00000000000006 2 0
304 300 261 300 261 325 304 325 2 0
342 329 291 329 291 365 342 365 2 0
508 141.00000000000003 65.00000000000003 141 65.00000000000004 390.00000000000006 508 390.0000000000001 0 0