2 0.6962890625 0.380859375 0.0908203125 0.0458984375
2 0.58203125 0.4482421875 0.078125 0.0498046875
1 0.7138671875 0.51171875 0.0703125 0.0478515625
2 0.68359375 0.6337890625 0.0771484375 0.0546875
3 0.7958984375 0.333984375 0.060546875 0.03125
3 0.8115234375 0.5068359375 0.04296875 0.0380859375
3 0.8212890625 0.693359375 0.0498046875 0.03515625
3 0.4951171875 0.6982421875 0.064453125 0.03125
3 0.4951171875 0.6328125 0.044921875 0.025390625
3 0.4892578125 0.56640625 0.0458984375 0.0341796875
3 0.48046875 0.3349609375 0.0537109375 0.0341796875
3 0.482421875 0.3896484375 0.044921875 0.03125
3 0.1650390625 0.33984375 0.052734375 0.02734375
3 0.2724609375 0.3916015625 0.044921875 0.029296875
3 0.373046875 0.4482421875 0.0556640625 0.037109375
3 0.482421875 0.443359375 0.05078125 0.029296875
3 0.388671875 0.56640625 0.060546875 0.0322265625
3 0.275390625 0.6328125 0.0498046875 0.033203125
3 0.1669921875 0.705078125 0.0439453125 0.03515625
1 0.1767578125 0.494140625 0.0693359375 0.052734375
1 0.26953125 0.4990234375 0.0810546875 0.056640625
1 0.3662109375 0.4990234375 0.0849609375 0.0595703125
2 0.6064453125 0.509765625 0.0830078125 0.05078125
2 0.5771484375 0.5576171875 0.0732421875 0.0556640625
0 0.4921875 0.5185546875 0.830078125 0.466796875