3 0.1337890625 0.3818359375 0.056640625 0.0322265625
3 0.47265625 0.3564453125 0.0556640625 0.03125
3 0.7958984375 0.330078125 0.0498046875 0.037109375
3 0.8505859375 0.5087890625 0.0537109375 0.0419921875
3 0.91015625 0.7041015625 0.048828125 0.04296875
3 0.783203125 0.64453125 0.06640625 0.0380859375
3 0.3291015625 0.6865234375 0.041015625 0.0361328125
3 0.533203125 0.59765625 0.052734375 0.0390625
3 0.6328125 0.5263671875 0.0556640625 0.0322265625
3 0.6083984375 0.4580078125 0.0556640625 0.0302734375
3 0.50390625 0.4697265625 0.05078125 0.0322265625
3 0.3857421875 0.478515625 0.0556640625 0.04296875
3 0.4052734375 0.54296875 0.05078125 0.041015625
3 0.185546875 0.5615234375 0.0615234375 0.0380859375
3 0.2294921875 0.76953125 0.0458984375 0.03515625
1 0.2734375 0.4248046875 0.1083984375 0.068359375
1 0.3251953125 0.548828125 0.087890625 0.0625
1 0.580078125 0.6552734375 0.09765625 0.0576171875
1 0.6796875 0.4091796875 0.10546875 0.0595703125
2 0.6435546875 0.58203125 0.0830078125 0.0546875
2 0.7666015625 0.5185546875 0.0830078125 0.056640625
2 0.595703125 0.7138671875 0.1103515625 0.05859375
2 0.48828125 0.4140625 0.1123046875 0.0537109375
2 0.416015625 0.59375 0.0986328125 0.05859375
0 0.5166015625 0.552734375 0.9658203125 0.556640625