450 134.00000000000003 15.000000000000018 134 15.000000000000034 399 450 399 0 0
77.00000000000003 163 46.000000000000014 163 46.00000000000002 184 77.00000000000003 184 3 0
247 157.00000000000003 209 157 209 179.00000000000003 247 179.00000000000006 3 0
350 181.00000000000006 318 181.00000000000006 318 196.00000000000006 350 196.00000000000006 3 0
417 240.00000000000006 386 240.00000000000006 386 259 417 259 3 0
246 181.00000000000003 210 181 210 203.00000000000003 246 203.00000000000006 3 0
137 186 98.00000000000003 186 98.00000000000003 210 137 210 3 0
190.00000000000003 216 161 216 161.00000000000003 235 190.00000000000006 235 3 0
242 212.00000000000003 210 212 210 226.00000000000003 242 226.00000000000006 3 0
304 245.00000000000006 275 245.00000000000006 275 260 304 260 3 0
303 270 278 270 278 289 303 289 3 0
252.00000000000006 272 221.00000000000006 272 221.00000000000006 292 252.00000000000006 292 3 0
202.00000000000006 273 164.00000000000006 273 164.00000000000006 293 202.00000000000006 293 3 0
261 343 226.00000000000006 343 226.00000000000006 360 261 360 3 0
147.00000000000006 311 114.00000000000003 311 114.00000000000003 333 147.00000000000006 333 3 0
93.00000000000004 346 57.00000000000004 346 57.00000000000004 370 93.00000000000006 370 3 0
102.00000000000003 232 43.00000000000003 232 43.00000000000003 266 102.00000000000003 266 1 0
141.00000000000003 232 96.00000000000003 232 96.00000000000003 262 141.00000000000006 262 1 0
211.00000000000006 240 165.00000000000006 240 165.00000000000006 267 211.00000000000006 267 1 0
438 331 387 331 387 362 438 362 1 0
303 204.00000000000006 253 204.00000000000006 253 230.00000000000006 303 230.00000000000006 2 0
433 144.00000000000006 379 144.00000000000006 379 179.00000000000006 433 179.00000000000006 2 0
361 231.00000000000006 314 231.00000000000006 314 265 361 265 2 0
367 296 305 296 305 331 367 331 2 0
260 293 209.00000000000006 293 209.00000000000006 322 260 322 2 0