438 145.00000000000003 27.000000000000014 145 27.000000000000032 383 438 383 0 0
84.00000000000003 164 62.000000000000014 164 62.00000000000002 179 84.00000000000003 179 3 0
247 162.00000000000003 215 162 215 175.00000000000003 247 175.00000000000006 3 0
406 163.00000000000006 381 163.00000000000006 381 180.00000000000006 406 180.00000000000006 3 0
131.00000000000006 250 107.00000000000003 250 107.00000000000003 263 131.00000000000006 263 3 0
240 189.00000000000003 217 189 217 202.00000000000003 240 202.00000000000006 3 0
244 216.00000000000003 214 216 214 231.00000000000003 244 231.00000000000006 3 0
188 218 164 218 164 231 188 231 3 0
189.00000000000006 280 160.00000000000006 280 160.00000000000006 294 189.00000000000006 294 3 0
237.00000000000006 281 215.00000000000006 281 215.00000000000006 297 237.00000000000006 297 3 0
238.00000000000006 317 215.00000000000006 317 215.00000000000006 331 238.00000000000006 331 3 0
129.00000000000006 313 105.00000000000003 313 105.00000000000003 328 129.00000000000006 328 3 0
72.00000000000004 343 41.00000000000004 343 41.00000000000004 362 72.00000000000006 362 3 0
241.00000000000006 350 205.00000000000006 350 205.00000000000006 363 241.00000000000006 363 3 0
403 350 383 350 383 367 403 367 3 0
295 251.00000000000006 272 251.00000000000006 272 269 295 269 3 0
156 186 108.00000000000003 186 108.00000000000003 210 156 210 1 0
414 253.00000000000006 373 253.00000000000006 373 278 414 278 1 0
184.00000000000006 237 144.00000000000006 237 144.00000000000006 262 184.00000000000006 262 1 0
93.00000000000003 234 50.00000000000003 234 50.00000000000003 258 93.00000000000003 258 1 0
363 181.00000000000006 313 181.00000000000006 313 207.00000000000006 363 207.00000000000006 2 0
305 211.00000000000006 253 211.00000000000006 253.00000000000003 239.00000000000006 305 239.00000000000006 2 0
359 245.00000000000006 304 245.00000000000006 304 277 359 277 2 0
292 271 247.00000000000006 271 247.00000000000006 298 292 298 2 0
345 307 301 307 301 334 345 334 2 0