1 0.265625 0.3974609375 0.0927734375 0.0517578125
1 0.6708984375 0.3701171875 0.1015625 0.0517578125
1 0.5732421875 0.619140625 0.0966796875 0.0576171875
1 0.2041015625 0.51953125 0.087890625 0.0517578125
3 0.1396484375 0.361328125 0.0576171875 0.0517578125
3 0.451171875 0.328125 0.0576171875 0.041015625
3 0.7763671875 0.2958984375 0.0595703125 0.04296875
3 0.8447265625 0.4736328125 0.05078125 0.0361328125
3 0.91015625 0.6572265625 0.04296875 0.0322265625
3 0.779296875 0.60546875 0.052734375 0.025390625
3 0.62890625 0.4921875 0.0478515625 0.0361328125
3 0.595703125 0.42578125 0.0556640625 0.0361328125
3 0.4912109375 0.435546875 0.056640625 0.0263671875
3 0.38671875 0.44921875 0.0634765625 0.0341796875
3 0.3994140625 0.51171875 0.0771484375 0.0478515625
3 0.427734375 0.5703125 0.0654296875 0.0419921875
3 0.533203125 0.55859375 0.0615234375 0.0341796875
3 0.3037109375 0.525390625 0.0576171875 0.04296875
3 0.244140625 0.7333984375 0.0625 0.04296875
2 0.365234375 0.65234375 0.1123046875 0.0673828125
2 0.5947265625 0.6796875 0.1162109375 0.060546875
2 0.6416015625 0.546875 0.091796875 0.05859375
2 0.75 0.48046875 0.111328125 0.0576171875
2 0.4921875 0.384765625 0.08984375 0.0634765625
0 0.5185546875 0.51953125 0.962890625 0.548828125