0 0.5263671875 0.474609375 0.8359375 0.47265625
1 0.3251953125 0.3388671875 0.1015625 0.05859375
1 0.2177734375 0.443359375 0.095703125 0.0693359375
1 0.39453125 0.4423828125 0.09765625 0.0673828125
1 0.7451171875 0.4580078125 0.107421875 0.064453125
2 0.732421875 0.3330078125 0.0830078125 0.0576171875
2 0.6142578125 0.392578125 0.0986328125 0.052734375
3 0.205078125 0.2978515625 0.0712890625 0.04296875
3 0.515625 0.2880859375 0.068359375 0.044921875
3 0.8232421875 0.279296875 0.0654296875 0.0361328125
3 0.8427734375 0.4580078125 0.044921875 0.0361328125
3 0.861328125 0.638671875 0.0625 0.046875
3 0.5224609375 0.5185546875 0.033203125 0.037109375
3 0.5244140625 0.5830078125 0.07421875 0.0390625
3 0.5341796875 0.642578125 0.0693359375 0.044921875
3 0.318359375 0.580078125 0.068359375 0.0341796875
3 0.423828125 0.5146484375 0.0634765625 0.0390625
3 0.318359375 0.4580078125 0.0625 0.0302734375
3 0.203125 0.6474609375 0.0849609375 0.0400390625
3 0.40625 0.392578125 0.0537109375 0.0341796875
3 0.5166015625 0.333984375 0.0703125 0.0380859375
3 0.5205078125 0.3935546875 0.052734375 0.0498046875
2 0.63671875 0.453125 0.087890625 0.0625
2 0.60546875 0.5087890625 0.099609375 0.0517578125
2 0.7109375 0.576171875 0.1015625 0.0517578125