530.9174321613245 302.52595575086536 397.8496764842716 47.51170943063511 -15.447823193401035 263.1724872210034 117.61993248365195 518.1867335412337 0 0
512 277.0000000000001 494 277.0000000000001 494 303.0000000000001 512 303.0000000000001 3 0
404 202.00000000000006 371 202.00000000000006 371 227.00000000000006 404 227.00000000000006 3 0
295 135.00000000000006 253 135.00000000000006 253 161.00000000000006 295 161.00000000000006 3 0
164 200 126.00000000000003 200 126.00000000000003 217 164 217 3 0
197.00000000000003 219 165 219 165.00000000000003 241 197.00000000000006 241 3 0
286 176.00000000000006 242 176.00000000000006 242 198.00000000000006 286 198.00000000000006 3 0
270 222.00000000000006 240 222.00000000000006 240.00000000000003 240.00000000000006 270 240.00000000000006 3 0
350 268 319 268 319 289 350 289 3 0
438 276 400 276 400 295 438 295 3 0
395 344 367 344 367 367 395 367 3 0
265 414 223.00000000000006 414 223.00000000000006 436 265 436 3 0
262 364 231.00000000000006 364 231.00000000000006 387 262 387 3 0
222.00000000000006 286 190.00000000000006 286 190.00000000000006 309 222.00000000000006 309 3 0
137.00000000000006 330 108.00000000000003 330 108.00000000000004 355 137.00000000000006 355 3 0
31.000000000000036 263 3.220821081757539e-14 263 3.3494089956680114e-14 284 31.000000000000036 284 3 0
333 286 277 286 277 321 333 321 1 0
240.00000000000003 229.00000000000003 195 229 195.00000000000003 260 240.00000000000006 260 1 0
120.00000000000003 251 70.00000000000003 251 70.00000000000003 283 120.00000000000003 283 1 0
197.00000000000006 300 147.00000000000006 300 147.00000000000006 330 197.00000000000006 330 1 0
265 304 215.00000000000006 304 215.00000000000006 331 265 331 2 0
192.00000000000006 259 142.00000000000006 259 142.00000000000006 285 192.00000000000006 285 2 0
321 238.00000000000006 270 238.00000000000006 270 273 321 273 2 0
372 215.00000000000006 321 215.00000000000006 321 244.00000000000006 372 244.00000000000006 2 0
356 320 306 320 306 343 356 343 2 0