2 0.779296875 0.32421875 0.11328125 0.0712890625
2 0.6484375 0.384765625 0.087890625 0.0439453125
2 0.783203125 0.4833984375 0.0849609375 0.060546875
2 0.634765625 0.6142578125 0.0966796875 0.060546875
2 0.42578125 0.60546875 0.0986328125 0.0546875
3 0.17578125 0.3115234375 0.0361328125 0.0322265625
3 0.4755859375 0.322265625 0.0439453125 0.0439453125
3 0.4658203125 0.373046875 0.068359375 0.029296875
3 0.44921875 0.431640625 0.06640625 0.033203125
3 0.55078125 0.4345703125 0.0458984375 0.0322265625
3 0.5439453125 0.4912109375 0.05078125 0.0302734375
3 0.544921875 0.5439453125 0.052734375 0.021484375
3 0.443359375 0.5478515625 0.044921875 0.025390625
3 0.330078125 0.544921875 0.0546875 0.0341796875
3 0.3330078125 0.4892578125 0.052734375 0.04296875
3 0.345703125 0.4306640625 0.056640625 0.0302734375
3 0.2578125 0.3701171875 0.0595703125 0.0419921875
3 0.240234375 0.4814453125 0.0546875 0.03125
3 0.1474609375 0.4794921875 0.04296875 0.03125
3 0.2216796875 0.599609375 0.0537109375 0.0390625
1 0.1142578125 0.65234375 0.0859375 0.0546875
1 0.41796875 0.6640625 0.1201171875 0.052734375
1 0.7587890625 0.673828125 0.0986328125 0.0556640625
0 0.4619140625 0.50390625 0.8564453125 0.4755859375
1 0.6640625 0.486328125 0.1171875 0.068359375