460.94831849267393 162.96740152680965 401.76842767700924 159.32029274858118 399.8901351196487 189.79844824754275 459.07002593531337 193.44555702577122 2 0
365.985185 313.6 315.4536181224304 300.36142104876126 308.44425473419255 327.11611399024093 358.97582161176217 340.3546929414797 2 0
314 271 267 271 267 297 314 297 2 0
369 245.00000000000006 326 245.00000000000006 326 273 369 273 2 0
319 212.00000000000006 279 212.00000000000006 279 237.00000000000006 319 237.00000000000006 2 0
178 184 127.00000000000003 184 127.00000000000003 206 178 206 1 0
436 250.00000000000006 391 250.00000000000006 391 276 436 276 1 0
118.00000000000003 232 74.00000000000003 232 74.00000000000003 258 118.00000000000003 258 1 0
208.00000000000006 235 169.00000000000006 235 169.00000000000006 259 208.00000000000006 259 1 0
471 142.00000000000003 38.000000000000014 142 38.00000000000003 382.00000000000006 471 382.0000000000001 0 0
111.00000000000003 158 84.00000000000003 158 84.00000000000003 173 111.00000000000003 173 3 0
264 159.00000000000006 244 159.00000000000006 244 177.00000000000006 264 177.00000000000006 3 0
267 187.00000000000006 241 187.00000000000006 241 205.00000000000006 267 205.00000000000006 3 0
372 188.00000000000006 346 188.00000000000006 346 204.00000000000006 372 204.00000000000006 3 0
206 214 186 214 186 229 206 229 3 0
263 216.00000000000006 242 216.00000000000006 242 229.00000000000006 263 229.00000000000006 3 0
153.00000000000006 243 128.00000000000006 243 128.00000000000006 262 153.00000000000006 262 3 0
154.00000000000006 309 119.00000000000003 309 119.00000000000003 325 154.00000000000006 325 3 0
209.00000000000006 276 185.00000000000006 276 185.00000000000006 290 209.00000000000006 290 3 0
257 279 239.00000000000006 279 239.00000000000006 292 257 292 3 0
263 315 237.00000000000006 315 237.00000000000006 328 263 328 3 0
261 341 226.00000000000006 341 226.00000000000006 362 261 362 3 0
90.00000000000004 343 58.00000000000004 343 58.00000000000004 358 90.00000000000006 358 3 0
429 348 394 348 394 368 429 368 3 0
317 250.00000000000006 296 250.00000000000006 296 265 317 265 3 0