3 0.0849609375 0.3447265625 0.0703125 0.0400390625
3 0.4541015625 0.3154296875 0.0576171875 0.048828125
3 0.8095703125 0.283203125 0.0625 0.041015625
3 0.369140625 0.4501953125 0.0595703125 0.03515625
3 0.48828125 0.4345703125 0.0625 0.0322265625
3 0.5966796875 0.4248046875 0.0830078125 0.0439453125
3 0.7626953125 0.490234375 0.0625 0.0458984375
3 0.8720703125 0.482421875 0.0517578125 0.04296875
3 0.794921875 0.6259765625 0.0712890625 0.0576171875
3 0.6494140625 0.564453125 0.0517578125 0.041015625
3 0.529296875 0.5751953125 0.0595703125 0.0458984375
3 0.4140625 0.58203125 0.07421875 0.03515625
3 0.3837890625 0.51953125 0.0693359375 0.041015625
3 0.26953125 0.533203125 0.0703125 0.033203125
3 0.201171875 0.755859375 0.07421875 0.056640625
1 0.1513671875 0.5205078125 0.1103515625 0.0654296875
1 0.2431640625 0.3955078125 0.123046875 0.0546875
1 0.681640625 0.3603515625 0.1044921875 0.0673828125
1 0.92578125 0.68359375 0.10546875 0.064453125
2 0.5927734375 0.7041015625 0.1162109375 0.0576171875
2 0.5703125 0.630859375 0.1162109375 0.0703125
2 0.326171875 0.6708984375 0.115234375 0.0673828125
2 0.4736328125 0.380859375 0.107421875 0.048828125
2 0.62890625 0.4951171875 0.1162109375 0.0732421875
0 0.5029296875 0.5234375 0.994140625 0.591796875