0 0.4365234375 0.4892578125 0.8232421875 0.462890625
1 0.25 0.35546875 0.099609375 0.0673828125
1 0.3115234375 0.462890625 0.1044921875 0.07421875
1 0.7109375 0.6728515625 0.1123046875 0.060546875
1 0.13671875 0.4501953125 0.099609375 0.0625
2 0.5234375 0.4130859375 0.0966796875 0.0576171875
2 0.78125 0.326171875 0.1181640625 0.0654296875
2 0.6083984375 0.595703125 0.1044921875 0.0693359375
2 0.50390625 0.52734375 0.0947265625 0.064453125
2 0.6220703125 0.4833984375 0.107421875 0.060546875
3 0.140625 0.30078125 0.046875 0.0283203125
3 0.4423828125 0.3046875 0.056640625 0.03515625
3 0.4365234375 0.357421875 0.0576171875 0.03125
3 0.6455078125 0.3642578125 0.0634765625 0.0439453125
3 0.3271484375 0.412109375 0.0546875 0.0283203125
3 0.43359375 0.4072265625 0.05859375 0.0390625
3 0.53125 0.4794921875 0.0615234375 0.041015625
3 0.7451171875 0.4814453125 0.052734375 0.0498046875
3 0.32421875 0.525390625 0.0556640625 0.0400390625
3 0.419921875 0.5283203125 0.05078125 0.0380859375
3 0.4189453125 0.59375 0.0595703125 0.037109375
3 0.416015625 0.66015625 0.0732421875 0.0283203125
3 0.2119140625 0.591796875 0.072265625 0.037109375
3 0.2236328125 0.474609375 0.0390625 0.0341796875
3 0.0947265625 0.6533203125 0.0546875 0.0361328125