3 0.982421875 0.56640625 0.03515625 0.05078125
3 0.7568359375 0.4189453125 0.0634765625 0.0498046875
3 0.53515625 0.2890625 0.0830078125 0.0498046875
3 0.283203125 0.4072265625 0.0732421875 0.0322265625
3 0.3525390625 0.44921875 0.0625 0.04296875
3 0.515625 0.365234375 0.0869140625 0.04296875
3 0.498046875 0.4501953125 0.0576171875 0.03515625
3 0.6533203125 0.5439453125 0.0595703125 0.0419921875
3 0.818359375 0.5576171875 0.07421875 0.037109375
3 0.744140625 0.6943359375 0.0556640625 0.0439453125
3 0.4765625 0.8291015625 0.08203125 0.04296875
3 0.4814453125 0.7333984375 0.0615234375 0.0458984375
3 0.4013671875 0.580078125 0.0625 0.044921875
3 0.2392578125 0.6689453125 0.0576171875 0.0478515625
3 0.0302734375 0.5341796875 0.060546875 0.0400390625
1 0.595703125 0.591796875 0.1103515625 0.068359375
1 0.423828125 0.4765625 0.087890625 0.060546875
1 0.1845703125 0.521484375 0.09765625 0.0625
1 0.3359375 0.6142578125 0.0966796875 0.05859375
2 0.46875 0.6201171875 0.09765625 0.052734375
2 0.326171875 0.53125 0.0966796875 0.05078125
2 0.5771484375 0.4990234375 0.0986328125 0.0673828125
2 0.6767578125 0.4482421875 0.1005859375 0.0556640625
2 0.646484375 0.6474609375 0.0966796875 0.0439453125
0 0.5009765625 0.556640625 0.9970703125 0.666015625