428 148.00000000000006 370 148.00000000000006 370 184.00000000000006 428 184.00000000000006 2 0
355 186.00000000000006 310 186.00000000000006 310 208.00000000000006 355 208.00000000000006 2 0
423 232.00000000000006 379 232.00000000000006 379 263 423 263 2 0
350 299 300 299 300 330 350 330 2 0
243.00000000000006 296 193.00000000000006 296 193.00000000000006 324 243.00000000000006 324 2 0
99.00000000000003 151 81.00000000000003 151 81.00000000000003 168 99.00000000000003 168 3 0
255 154.00000000000003 232 154 232 176.00000000000003 255 176.00000000000006 3 0
256 184.00000000000003 221 184 221 199.00000000000003 256 199.00000000000006 3 0
247 213.00000000000003 213 213 213 230.00000000000003 247 230.00000000000006 3 0
294 214.00000000000006 270 214.00000000000006 270 231.00000000000006 294 231.00000000000006 3 0
292 244.00000000000006 266 244.00000000000006 266 259 292 259 3 0
293 273 266 273 266 284 293 284 3 0
239.00000000000006 274 216.00000000000006 274 216.00000000000006 287 239.00000000000006 287 3 0
183.00000000000006 270 155.00000000000006 270 155.00000000000006 288 183.00000000000006 288 3 0
184.00000000000006 240 157.00000000000006 240 157.00000000000006 262 184.00000000000006 262 3 0
192 213 163 213 163 228 192 228 3 0
147 179 117.00000000000003 179 117.00000000000003 200 147 200 3 0
137.00000000000006 239 109.00000000000003 239 109.00000000000003 255 137.00000000000006 255 3 0
87.00000000000003 238 65.00000000000003 238 65.00000000000003 254 87.00000000000003 254 3 0
127.00000000000003 297 100.00000000000003 297 100.00000000000003 317 127.00000000000003 317 3 0
81.00000000000003 320 37.00000000000004 320 37.00000000000004 348 81.00000000000003 348 1 0
245.00000000000006 327 183.00000000000006 327 183.00000000000006 354 245.00000000000006 354 1 0
414 331 363 331 363 359 414 359 1 0
456 136.00000000000003 17.000000000000014 136 17.000000000000032 380 456 380 0 0