498 122.00000000000003 45.000000000000014 122 45.00000000000003 387.00000000000006 498 387.0000000000001 0 0
146 136 120.00000000000003 136 120.00000000000003 158 146 158 3 0
313 146.00000000000006 276 146.00000000000006 276 168.00000000000006 313 168.00000000000006 3 0
470 157.00000000000006 439 157.00000000000006 439 177.00000000000006 470 177.00000000000006 3 0
462 240.00000000000006 430 240.00000000000006 430 273 462 273 3 0
448 341 416 341 416 360 448 360 3 0
164.00000000000006 292 133.00000000000006 292 133.00000000000006 311 164.00000000000006 311 3 0
227.00000000000006 265 190.00000000000006 265 190.00000000000006 281 227.00000000000006 281 3 0
274 265 253.00000000000006 265 253.00000000000006 287 274 287 3 0
226.00000000000006 234 193.00000000000006 234 193.00000000000006 256 226.00000000000006 256 3 0
239 199.00000000000003 203 199 203 229.00000000000003 239 229.00000000000006 3 0
294 204.00000000000006 261 204.00000000000006 261 224.00000000000006 294 224.00000000000006 3 0
298 174.00000000000006 275 174.00000000000006 275 194.00000000000006 298 194.00000000000006 3 0
192 165 161 165 161 192 192 192 3 0
180.00000000000003 229 144 229 144.00000000000003 255 180.00000000000006 255 3 0
130.00000000000003 228 100.00000000000003 228 100.00000000000003 244 130.00000000000006 244 3 0
275 322 228.00000000000006 322 228.00000000000006 353 275 353 1 0
122.00000000000003 310 73.00000000000003 310 73.00000000000003 346 122.00000000000003 346 1 0
396 303 348 303 348 336 396 336 1 0
356 230.00000000000006 314 230.00000000000006 314 262 356 262 1 0
346 205.00000000000006 302 205.00000000000006 302 230.00000000000006 346 230.00000000000006 2 0
407 176.00000000000006 364 176.00000000000006 364 210.00000000000006 407 210.00000000000006 2 0
407 235.00000000000006 356 235.00000000000006 356 269 407 269 2 0
338 263 285 263 285 296 338 296 2 0
280 293 224.00000000000006 293 224.00000000000006 319 280 319 2 0