514.7695998575647 369.2095484284417 489.56966109807064 113.59877218590107 5.688888999999998 161.30319999999998 30.88882775949403 416.91397624254057 0 0
62.00000000000002 166 26.00000000000002 166 26.00000000000002 187 62.00000000000003 187 3 0
247 149.00000000000003 218 149 218 174.00000000000003 247 174.00000000000006 3 0
431 135.00000000000006 399 135.00000000000006 399 156.00000000000006 431 156.00000000000006 3 0
204.00000000000003 222 174 222 174.00000000000003 240 204.00000000000006 240 3 0
266 214.00000000000006 234 214.00000000000006 234 231.00000000000006 266 231.00000000000006 3 0
327 206.00000000000006 284 206.00000000000006 284 229.00000000000006 327 229.00000000000006 3 0
407 239.00000000000006 375 239.00000000000006 375 263 407 263 3 0
460 236.00000000000006 433 236.00000000000006 433 258 460 258 3 0
425 306 389 306 389 335 425 335 3 0
346 279 319 279 319 300 346 300 3 0
286 283 256 283 256 306 286 306 3 0
231.00000000000006 289 193.00000000000006 289 193.00000000000006 307 231.00000000000006 307 3 0
214.00000000000006 256 179.00000000000006 256 179.00000000000006 277 214.00000000000006 277 3 0
156.00000000000006 265 120.00000000000003 265 120.00000000000003 282 156.00000000000006 282 3 0
122.00000000000006 373 84.00000000000006 373 84.00000000000006 402 122.00000000000006 402 3 0
106.00000000000003 250 49.00000000000003 250 49.00000000000003 283 106.00000000000003 283 1 0
156 189 93.00000000000003 189 93.00000000000003 217 156 217 1 0
376 167.00000000000006 322 167.00000000000006 322 202.00000000000006 376 202.00000000000006 1 0
501 334.00000000000006 447 334 447 367.00000000000006 501 367.0000000000001 1 0
333 346 274 346 274 375 333 375 2 0
322 305 262 305 262 341 322 341 2 0
197.00000000000006 326 138.00000000000006 326 138.00000000000006 361 197.00000000000006 361 2 0
270 183.00000000000003 215 183 215 208.00000000000003 270 208.00000000000006 2 0
352 235.00000000000006 292 235.00000000000006 292 272 352 272 2 0