2 0.38517915309446255 0.38156288156288154 0.07980456026058631 0.03785103785103785
1 0.5969055374592834 0.41208791208791207 0.07980456026058631 0.03296703296703297
3 0.18729641693811075 0.3034188034188034 0.04234527687296417 0.028083028083028084
3 0.28501628664495116 0.33943833943833945 0.05211726384364821 0.02197802197802198
3 0.4543973941368078 0.2954822954822955 0.05537459283387622 0.02442002442002442
3 0.46498371335504884 0.33516483516483514 0.057003257328990226 0.020757020757020756
3 0.48697068403908794 0.373015873015873 0.07166123778501629 0.015873015873015872
3 0.5643322475570033 0.3693528693528694 0.03745928338762215 0.0231990231990232
3 0.6286644951140065 0.32967032967032966 0.04234527687296417 0.029304029304029304
3 0.6718241042345277 0.2967032967032967 0.04723127035830619 0.026862026862026864
3 0.7654723127035831 0.4084249084249084 0.048859934853420196 0.028083028083028084
3 0.6840390879478827 0.41147741147741146 0.05537459283387622 0.026862026862026864
3 0.759771986970684 0.5152625152625152 0.07003257328990228 0.02442002442002442
3 0.9087947882736156 0.5653235653235653 0.06188925081433225 0.02197802197802198
3 0.6343648208469055 0.4658119658119658 0.06351791530944625 0.0231990231990232
3 0.5317589576547231 0.47741147741147744 0.050488599348534204 0.031746031746031744
3 0.5692182410423453 0.532967032967033 0.06026058631921824 0.02564102564102564
3 0.5977198697068404 0.6068376068376068 0.06840390879478828 0.03663003663003663
3 0.44055374592833874 0.48412698412698413 0.06351791530944625 0.020757020757020756
3 0.40472312703583063 0.43223443223443225 0.06026058631921824 0.026862026862026864
3 0.3127035830618892 0.43101343101343104 0.07166123778501629 0.026862026862026864
3 0.21254071661237786 0.44078144078144077 0.06351791530944625 0.031746031746031744
3 0.34283387622149836 0.5494505494505495 0.06351791530944625 0.02442002442002442
3 0.247557003257329 0.6367521367521367 0.0749185667752443 0.042735042735042736
0 0.5480456026058632 0.4627594627594628 0.8778501628664495 0.4053724053724054
