0 0.5309446254071661 0.4829059829059829 0.8762214983713354 0.6336996336996337
1 0.5236156351791531 0.31196581196581197 0.06677524429967427 0.05982905982905983
1 0.745928338762215 0.32112332112332115 0.06840390879478828 0.06837606837606838
1 0.4185667752442997 0.4053724053724054 0.12052117263843648 0.05372405372405373
1 0.21498371335504887 0.7350427350427351 0.13355048859934854 0.06349206349206349
2 0.4234527687296417 0.47374847374847373 0.10097719869706841 0.06349206349206349
2 0.5203583061889251 0.6361416361416361 0.08631921824104234 0.06837606837606838
2 0.5285016286644951 0.7191697191697192 0.0993485342019544 0.07326007326007326
2 0.747557003257329 0.6288156288156288 0.09446254071661238 0.06105006105006105
2 0.7646579804560261 0.48717948717948717 0.06351791530944625 0.07081807081807082
3 0.18322475570032573 0.22832722832722832 0.06026058631921824 0.03907203907203907
3 0.30130293159609123 0.3089133089133089 0.06514657980456026 0.03418803418803419
3 0.5317589576547231 0.22039072039072038 0.07980456026058631 0.045177045177045176
3 0.8517915309446255 0.21672771672771673 0.06514657980456026 0.050061050061050064
3 0.8574918566775245 0.4713064713064713 0.0732899022801303 0.05372405372405373
3 0.8607491856677525 0.7203907203907204 0.07003257328990228 0.03907203907203907
3 0.6457654723127035 0.38461538461538464 0.04723127035830619 0.04151404151404151
3 0.6482084690553745 0.4725274725274725 0.05863192182410423 0.04395604395604396
3 0.6498371335504886 0.5500610500610501 0.08143322475570032 0.052503052503052504
3 0.5276872964169381 0.5531135531135531 0.06514657980456026 0.05372405372405373
3 0.42833876221498374 0.5518925518925519 0.06514657980456026 0.04151404151404151
3 0.30700325732899025 0.6398046398046398 0.07003257328990228 0.04884004884004884
3 0.30130293159609123 0.4731379731379731 0.05863192182410423 0.047619047619047616
3 0.5358306188925082 0.38400488400488403 0.05863192182410423 0.047619047619047616
3 0.18892508143322476 0.48534798534798534 0.0749185667752443 0.07203907203907203
