2 0.3916938110749186 0.6062271062271062 0.10260586319218241 0.054945054945054944
1 0.740228013029316 0.32783882783882784 0.10586319218241043 0.0695970695970696
3 0.2011400651465798 0.28205128205128205 0.050488599348534204 0.03663003663003663
3 0.2980456026058632 0.3522588522588523 0.06514657980456026 0.03296703296703297
3 0.5285016286644951 0.34615384615384615 0.0732899022801303 0.03296703296703297
3 0.5309446254071661 0.27289377289377287 0.05211726384364821 0.03540903540903541
3 0.8599348534201955 0.2796092796092796 0.06840390879478828 0.05128205128205128
3 0.8876221498371335 0.510989010989011 0.05211726384364821 0.0695970695970696
3 0.9324104234527687 0.796092796092796 0.09609120521172639 0.03907203907203907
3 0.7866449511400652 0.6941391941391941 0.08143322475570032 0.052503052503052504
3 0.7695439739413681 0.5177045177045178 0.08306188925081433 0.06349206349206349
3 0.6425081433224755 0.5061050061050061 0.07654723127035831 0.052503052503052504
3 0.6278501628664495 0.4242979242979243 0.07003257328990228 0.052503052503052504
3 0.5211726384364821 0.4242979242979243 0.07166123778501629 0.050061050061050064
3 0.40390879478827363 0.4352869352869353 0.06840390879478828 0.03785103785103785
3 0.3941368078175896 0.514041514041514 0.0749185667752443 0.03907203907203907
3 0.28501628664495116 0.510989010989011 0.06840390879478828 0.045177045177045176
3 0.1750814332247557 0.5164835164835165 0.07003257328990228 0.05128205128205128
3 0.1465798045602606 0.797924297924298 0.0749185667752443 0.05982905982905983
3 0.2695439739413681 0.6984126984126984 0.07654723127035831 0.04395604395604396
3 0.5342019543973942 0.6965811965811965 0.08143322475570032 0.03785103785103785
3 0.5171009771986971 0.6117216117216118 0.0732899022801303 0.04884004884004884
3 0.6400651465798045 0.5952380952380952 0.06514657980456026 0.045177045177045176
3 0.5236156351791531 0.796092796092796 0.08631921824104234 0.04395604395604396
0 0.5431596091205212 0.5451770451770451 0.8973941368078175 0.663003663003663
