2 0.8517915309446255 0.49145299145299143 0.09120521172638436 0.057387057387057384
1 0.2744299674267101 0.37362637362637363 0.08631921824104234 0.0463980463980464
3 0.48615635179153094 0.29426129426129427 0.05374592833876222 0.029304029304029304
3 0.7964169381107492 0.27411477411477414 0.035830618892508145 0.030525030525030524
3 0.6978827361563518 0.3516483516483517 0.06026058631921824 0.04151404151404151
3 0.7288273615635179 0.49572649572649574 0.06677524429967427 0.03907203907203907
3 0.75814332247557 0.6691086691086691 0.06026058631921824 0.03418803418803419
3 0.9128664495114006 0.7612942612942613 0.07003257328990228 0.042735042735042736
3 0.5276872964169381 0.7851037851037851 0.08469055374592833 0.0463980463980464
3 0.5162866449511401 0.6904761904761905 0.08794788273615635 0.040293040293040296
3 0.504885993485342 0.6019536019536019 0.06188925081433225 0.031746031746031744
3 0.6188925081433225 0.5885225885225885 0.06840390879478828 0.03663003663003663
3 0.6091205211726385 0.5170940170940171 0.03908794788273615 0.03540903540903541
3 0.5863192182410424 0.4346764346764347 0.05211726384364821 0.04151404151404151
3 0.499185667752443 0.43223443223443225 0.057003257328990226 0.029304029304029304
3 0.49104234527687296 0.36568986568986567 0.05374592833876222 0.028083028083028084
3 0.18322475570032573 0.315018315018315 0.050488599348534204 0.029304029304029304
3 0.1775244299674267 0.532967032967033 0.06188925081433225 0.047619047619047616
3 0.28175895765472314 0.5299145299145299 0.08469055374592833 0.03907203907203907
3 0.38273615635179153 0.5231990231990232 0.06514657980456026 0.042735042735042736
3 0.38192182410423453 0.44871794871794873 0.06026058631921824 0.03296703296703297
3 0.39006514657980457 0.6092796092796092 0.06351791530944625 0.03663003663003663
3 0.28094462540716614 0.7008547008547008 0.057003257328990226 0.029304029304029304
3 0.16693811074918566 0.8034188034188035 0.06351791530944625 0.03907203907203907
0 0.5545602605863192 0.5402930402930403 0.8713355048859935 0.5409035409035409
