0 0.5833333333333334 0.48125 0.7833333333333333 0.665625
1 0.2875 0.51796875 0.08333333333333333 0.0859375
1 0.7291666666666666 0.6109375 0.06666666666666667 0.059375
1 0.6364583333333333 0.75703125 0.08125 0.0578125
1 0.8395833333333333 0.67578125 0.07916666666666666 0.0546875
2 0.5208333333333334 0.5265625 0.09166666666666666 0.0625
2 0.5322916666666667 0.640625 0.11041666666666666 0.059375
2 0.640625 0.60546875 0.08541666666666667 0.0734375
2 0.7395833333333334 0.52421875 0.07083333333333333 0.0671875
2 0.6479166666666667 0.4359375 0.09166666666666666 0.065625
3 0.2989583333333333 0.2390625 0.06458333333333334 0.040625
3 0.41458333333333336 0.33828125 0.06666666666666667 0.0484375
3 0.6458333333333334 0.25859375 0.06666666666666667 0.0484375
3 0.6458333333333334 0.3515625 0.075 0.05
3 0.8354166666666667 0.3625 0.058333333333333334 0.04375
3 0.9364583333333333 0.284375 0.052083333333333336 0.04375
3 0.9114583333333334 0.525 0.04375 0.046875
3 0.9 0.7359375 0.058333333333333334 0.053125
3 0.8291666666666667 0.5296875 0.0625 0.046875
3 0.73125 0.4484375 0.05416666666666667 0.040625
3 0.540625 0.4546875 0.06875 0.046875
3 0.42291666666666666 0.52578125 0.05 0.0546875
3 0.42291666666666666 0.70390625 0.06666666666666667 0.0328125
3 0.6354166666666666 0.69296875 0.075 0.0359375
3 0.30416666666666664 0.79296875 0.07083333333333333 0.0546875
