2 0.32328990228013027 0.6147741147741148 0.09609120521172639 0.0695970695970696
1 0.499185667752443 0.3595848595848596 0.11563517915309446 0.07203907203907203
3 0.1986970684039088 0.2765567765567766 0.05537459283387622 0.045177045177045176
3 0.5195439739413681 0.29365079365079366 0.06514657980456026 0.045177045177045176
3 0.8493485342019544 0.3156288156288156 0.06026058631921824 0.057387057387057384
3 0.7190553745928339 0.3778998778998779 0.0732899022801303 0.054945054945054944
3 0.8355048859934854 0.5494505494505495 0.05863192182410423 0.07081807081807082
3 0.7166123778501629 0.5470085470085471 0.08143322475570032 0.07326007326007326
3 0.5781758957654723 0.5299145299145299 0.06840390879478828 0.05616605616605617
3 0.5863192182410424 0.4517704517704518 0.0749185667752443 0.05616605616605617
3 0.4820846905537459 0.4462759462759463 0.09446254071661238 0.050061050061050064
3 0.36074918566775244 0.44017094017094016 0.08631921824104234 0.050061050061050064
3 0.2687296416938111 0.34554334554334554 0.05211726384364821 0.026862026862026864
3 0.23289902280130292 0.5036630036630036 0.06514657980456026 0.06471306471306472
3 0.3477198697068404 0.5213675213675214 0.07003257328990228 0.05616605616605617
3 0.4503257328990228 0.6178266178266179 0.06351791530944625 0.05372405372405373
3 0.5659609120521173 0.6153846153846154 0.06351791530944625 0.05860805860805861
3 0.6889250814332247 0.7277167277167277 0.09120521172638436 0.06349206349206349
3 0.8306188925081434 0.847985347985348 0.07166123778501629 0.07203907203907203
3 0.43566775244299677 0.7130647130647131 0.06677524429967427 0.0463980463980464
3 0.40472312703583063 0.8162393162393162 0.07003257328990228 0.0695970695970696
3 0.18241042345276873 0.6947496947496947 0.029315960912052116 0.05616605616605617
3 0.11400651465798045 0.4993894993894994 0.03908794788273615 0.05128205128205128
3 0.03420195439739414 0.775946275946276 0.04234527687296417 0.07936507936507936
