2 0.2956026058631922 0.4133089133089133 0.10260586319218241 0.06227106227106227
1 0.6156351791530945 0.40293040293040294 0.08794788273615635 0.06593406593406594
3 0.17996742671009772 0.20757020757020758 0.06026058631921824 0.04884004884004884
3 0.49185667752442996 0.19108669108669107 0.05537459283387622 0.03296703296703297
3 0.7964169381107492 0.18192918192918192 0.07166123778501629 0.04151404151404151
3 0.6978827361563518 0.25335775335775335 0.06026058631921824 0.045177045177045176
3 0.8517915309446255 0.3901098901098901 0.06514657980456026 0.052503052503052504
3 0.744299674267101 0.40415140415140416 0.07166123778501629 0.05128205128205128
3 0.7711726384364821 0.5695970695970696 0.07003257328990228 0.040293040293040296
3 0.9096091205211726 0.6501831501831502 0.06677524429967427 0.042735042735042736
3 0.5179153094462541 0.6691086691086691 0.08143322475570032 0.04884004884004884
3 0.5162866449511401 0.5885225885225885 0.09771986970684039 0.0463980463980464
3 0.5236156351791531 0.49206349206349204 0.10260586319218241 0.0463980463980464
3 0.6188925081433225 0.4822954822954823 0.06840390879478828 0.02197802197802198
3 0.6026058631921825 0.32112332112332115 0.06514657980456026 0.04151404151404151
3 0.5 0.3266178266178266 0.05863192182410423 0.03785103785103785
3 0.48534201954397393 0.2557997557997558 0.05863192182410423 0.030525030525030524
3 0.2744299674267101 0.2698412698412698 0.057003257328990226 0.03418803418803419
3 0.38843648208469056 0.3443223443223443 0.06677524429967427 0.03907203907203907
3 0.38273615635179153 0.41452991452991456 0.06514657980456026 0.054945054945054944
3 0.3925081433224756 0.5 0.08469055374592833 0.03540903540903541
3 0.28664495114006516 0.590964590964591 0.07166123778501629 0.04395604395604396
3 0.1742671009771987 0.4194139194139194 0.07166123778501629 0.054945054945054944
3 0.15716612377850162 0.684981684981685 0.08306188925081433 0.0463980463980464
