0 0.490625 0.4640625 0.86875 0.59375
1 0.146875 0.2421875 0.11041666666666666 0.0625
1 0.66875 0.28515625 0.1125 0.0734375
1 0.5947916666666667 0.4390625 0.06875 0.08125
1 0.503125 0.546875 0.11458333333333333 0.06875
2 0.15833333333333333 0.4671875 0.0875 0.078125
2 0.26666666666666666 0.46328125 0.08333333333333333 0.0734375
2 0.46979166666666666 0.29296875 0.09791666666666667 0.0640625
2 0.27395833333333336 0.61796875 0.10208333333333333 0.0796875
2 0.47604166666666664 0.70546875 0.13541666666666666 0.0734375
3 0.25 0.3109375 0.08333333333333333 0.05
3 0.571875 0.3765625 0.06875 0.040625
3 0.45729166666666665 0.21328125 0.05625 0.0265625
3 0.790625 0.20390625 0.07291666666666667 0.0609375
3 0.8083333333333333 0.45703125 0.07916666666666666 0.0671875
3 0.6989583333333333 0.465625 0.08125 0.05
3 0.5989583333333334 0.54765625 0.07291666666666667 0.0515625
3 0.7166666666666667 0.62421875 0.06666666666666667 0.0421875
3 0.8260416666666667 0.69296875 0.07708333333333334 0.0453125
3 0.4947916666666667 0.6328125 0.06875 0.04375
3 0.38125 0.553125 0.07916666666666666 0.04375
3 0.3625 0.46171875 0.07083333333333333 0.0390625
3 0.3697916666666667 0.3890625 0.06041666666666667 0.04375
3 0.478125 0.384375 0.07291666666666667 0.05
3 0.16041666666666668 0.7125 0.075 0.053125
