2 0.72875 0.42833333333333334 0.1025 0.14333333333333334
2 0.8575 0.46166666666666667 0.1 0.17666666666666667
2 0.41375 0.48833333333333334 0.1075 0.13666666666666666
2 0.29625 0.44 0.0975 0.12
2 0.3425 0.3333333333333333 0.095 0.1
2 0.52125 0.24 0.0925 0.1
1 0.15375 0.26 0.0875 0.09333333333333334
1 0.25375 0.2833333333333333 0.0925 0.1
1 0.395 0.22333333333333333 0.09 0.09333333333333334
1 0.6275 0.27166666666666667 0.105 0.11
1 0.76 0.21 0.11 0.10666666666666667
1 0.63875 0.755 0.1375 0.18333333333333332
1 0.27375 0.8183333333333334 0.1125 0.17
3 0.5375 0.15833333333333333 0.05 0.056666666666666664
3 0.5675 0.09 0.035 0.05333333333333334
3 0.8775 0.14333333333333334 0.065 0.07333333333333333
3 0.5475 0.545 0.065 0.10333333333333333
3 0.34875 0.13666666666666666 0.0325 0.06666666666666667
3 0.315 0.04 0.04 0.05333333333333334
3 0.12125 0.5516666666666666 0.0575 0.11666666666666667
3 0.3675 0.6683333333333333 0.065 0.11666666666666667
