0 0.5229166666666667 0.4359375 0.7291666666666666 0.584375
1 0.33229166666666665 0.47265625 0.08958333333333333 0.0734375
1 0.653125 0.4828125 0.05625 0.065625
1 0.7291666666666666 0.6046875 0.058333333333333334 0.0625
1 0.821875 0.678125 0.06875 0.059375
2 0.371875 0.29453125 0.08125 0.0796875
2 0.5447916666666667 0.390625 0.08958333333333333 0.05625
2 0.446875 0.46953125 0.08125 0.0609375
2 0.46145833333333336 0.55703125 0.08958333333333333 0.0609375
2 0.35625 0.63046875 0.10416666666666667 0.0515625
3 0.5479166666666667 0.2328125 0.06666666666666667 0.034375
3 0.8302083333333333 0.253125 0.03958333333333333 0.05
3 0.7364583333333333 0.32578125 0.04375 0.0453125
3 0.74375 0.47421875 0.041666666666666664 0.0421875
3 0.828125 0.478125 0.04375 0.06875
3 0.6395833333333333 0.403125 0.05416666666666667 0.0375
3 0.5510416666666667 0.315625 0.05625 0.034375
3 0.45729166666666665 0.3984375 0.05625 0.0375
3 0.24479166666666666 0.2171875 0.05625 0.040625
3 0.23854166666666668 0.46015625 0.06875 0.0515625
3 0.25104166666666666 0.703125 0.06875 0.05
3 0.5520833333333334 0.6953125 0.08333333333333333 0.028125
3 0.5489583333333333 0.61953125 0.06041666666666667 0.0359375
3 0.5541666666666667 0.55078125 0.07083333333333333 0.0328125
3 0.6447916666666667 0.546875 0.052083333333333336 0.0375
