2 0.6105769230769231 0.2948717948717949 0.1346153846153846 0.15384615384615385
2 0.35336538461538464 0.2916666666666667 0.13942307692307693 0.12179487179487179
2 0.21394230769230768 0.36217948717948717 0.15865384615384615 0.1346153846153846
2 0.2692307692307692 0.5160256410256411 0.18269230769230768 0.1346153846153846
2 0.7572115384615384 0.7564102564102564 0.21634615384615385 0.2564102564102564
1 0.7115384615384616 0.41346153846153844 0.17307692307692307 0.17307692307692307
1 0.9375 0.4583333333333333 0.10576923076923077 0.17307692307692307
1 0.23557692307692307 0.10256410256410256 0.1346153846153846 0.0641025641025641
1 0.29086538461538464 0.17307692307692307 0.12980769230769232 0.10256410256410256
1 0.4831730769230769 0.1987179487179487 0.13942307692307693 0.11538461538461539
3 0.7067307692307693 0.22756410256410256 0.09615384615384616 0.08333333333333333
3 0.7932692307692307 0.15705128205128205 0.08653846153846154 0.08333333333333333
3 0.5216346153846154 0.08974358974358974 0.09134615384615384 0.10256410256410256
3 0.3894230769230769 0.7115384615384616 0.07692307692307693 0.15384615384615385
3 0.5769230769230769 0.5608974358974359 0.10576923076923077 0.08333333333333333
3 0.09134615384615384 0.6506410256410257 0.08653846153846154 0.10897435897435898
