2 0.8208469055374593 0.5128205128205128 0.10423452768729642 0.06593406593406594
1 0.4780130293159609 0.28815628815628813 0.08631921824104234 0.04884004884004884
3 0.19381107491856678 0.2979242979242979 0.048859934853420196 0.03907203907203907
3 0.2687296416938111 0.3614163614163614 0.07166123778501629 0.03907203907203907
3 0.4747557003257329 0.3547008547008547 0.07003257328990228 0.030525030525030524
3 0.6840390879478827 0.358974358974359 0.048859934853420196 0.029304029304029304
3 0.7972312703583062 0.29304029304029305 0.043973941368078175 0.04395604395604396
3 0.6970684039087948 0.5134310134310134 0.048859934853420196 0.050061050061050064
3 0.7084690553745928 0.6910866910866911 0.06514657980456026 0.05372405372405373
3 0.8452768729641694 0.7887667887667887 0.06514657980456026 0.04884004884004884
3 0.46416938110749184 0.7844932844932845 0.05537459283387622 0.06715506715506715
3 0.46416938110749184 0.6910866910866911 0.06514657980456026 0.04884004884004884
3 0.4592833876221498 0.6007326007326007 0.05863192182410423 0.03418803418803419
3 0.5789902280130294 0.5915750915750916 0.06677524429967427 0.040293040293040296
3 0.5773615635179153 0.521978021978022 0.06351791530944625 0.040293040293040296
3 0.5667752442996743 0.4365079365079365 0.06514657980456026 0.03296703296703297
3 0.4755700325732899 0.4340659340659341 0.048859934853420196 0.03296703296703297
3 0.36237785016286644 0.4413919413919414 0.06026058631921824 0.03785103785103785
3 0.3469055374592834 0.514041514041514 0.06840390879478828 0.03907203907203907
3 0.3485342019543974 0.6007326007326007 0.05863192182410423 0.03418803418803419
3 0.24511400651465798 0.5085470085470085 0.05374592833876222 0.03540903540903541
3 0.1457654723127036 0.5091575091575091 0.057003257328990226 0.0463980463980464
3 0.2304560260586319 0.681929181929182 0.057003257328990226 0.047619047619047616
3 0.10667752442996743 0.7777777777777778 0.06677524429967427 0.05860805860805861
0 0.507328990228013 0.5463980463980463 0.8876221498371335 0.6263736263736264
