2 0.2255700325732899 0.6831501831501832 0.0993485342019544 0.07448107448107448
1 0.4714983713355049 0.29120879120879123 0.07980456026058631 0.047619047619047616
3 0.1734527687296417 0.29914529914529914 0.06026058631921824 0.04151404151404151
3 0.25895765472312704 0.36996336996337 0.048859934853420196 0.04151404151404151
3 0.47068403908794787 0.35653235653235654 0.07166123778501629 0.03418803418803419
3 0.6799674267100977 0.3528693528693529 0.057003257328990226 0.04151404151404151
3 0.7833876221498371 0.2869352869352869 0.06188925081433225 0.04884004884004884
3 0.8118892508143323 0.5036630036630036 0.06026058631921824 0.052503052503052504
3 0.7003257328990228 0.5115995115995116 0.06840390879478828 0.04395604395604396
3 0.5781758957654723 0.5152625152625152 0.05211726384364821 0.03907203907203907
3 0.5651465798045603 0.43345543345543347 0.05211726384364821 0.04151404151404151
3 0.47068403908794787 0.43284493284493286 0.05211726384364821 0.030525030525030524
3 0.3526058631921824 0.442002442002442 0.057003257328990226 0.031746031746031744
3 0.3485342019543974 0.5164835164835165 0.048859934853420196 0.04151404151404151
3 0.3469055374592834 0.605006105006105 0.05863192182410423 0.03540903540903541
3 0.46661237785016285 0.5952380952380952 0.06351791530944625 0.050061050061050064
3 0.5773615635179153 0.5946275946275946 0.06351791530944625 0.05616605616605617
3 0.46416938110749184 0.6874236874236874 0.05863192182410423 0.03907203907203907
3 0.7117263843648208 0.681929181929182 0.0749185667752443 0.047619047619047616
3 0.8517915309446255 0.7747252747252747 0.0781758957654723 0.050061050061050064
3 0.46661237785016285 0.7826617826617827 0.07654723127035831 0.05616605616605617
3 0.11319218241042345 0.7826617826617827 0.057003257328990226 0.04884004884004884
3 0.1457654723127036 0.5231990231990232 0.050488599348534204 0.03785103785103785
3 0.23778501628664495 0.5103785103785103 0.05211726384364821 0.03907203907203907
0 0.5236156351791531 0.5445665445665445 0.8583061889250815 0.590964590964591
