2 0.5488888888888889 0.495 0.09333333333333334 0.09
2 0.6377777777777778 0.3883333333333333 0.09333333333333334 0.08333333333333333
2 0.5566666666666666 0.31333333333333335 0.09111111111111111 0.08
2 0.6066666666666667 0.23 0.09333333333333334 0.08
2 0.3844444444444444 0.27 0.09333333333333334 0.08
2 0.3488888888888889 0.6283333333333333 0.09333333333333334 0.09
2 0.27666666666666667 0.745 0.1 0.09666666666666666
1 0.6444444444444445 0.5783333333333334 0.09777777777777778 0.09666666666666666
1 0.6988888888888889 0.47333333333333333 0.08666666666666667 0.09333333333333334
1 0.7566666666666667 0.35833333333333334 0.09555555555555556 0.09
1 0.88 0.5283333333333333 0.08888888888888889 0.09666666666666666
1 0.13777777777777778 0.335 0.10666666666666667 0.09
1 0.33555555555555555 0.365 0.10666666666666667 0.09666666666666666
1 0.43222222222222223 0.5316666666666666 0.10444444444444445 0.10333333333333333
3 0.22777777777777777 0.48833333333333334 0.06888888888888889 0.05
3 0.11 0.5216666666666666 0.07777777777777778 0.07666666666666666
3 0.32555555555555554 0.22833333333333333 0.06 0.056666666666666664
3 0.6922222222222222 0.15 0.06 0.06666666666666667
3 0.8666666666666667 0.3383333333333333 0.05333333333333334 0.06333333333333334
3 0.6788888888888889 0.6833333333333333 0.051111111111111114 0.04
3 0.3566666666666667 0.4633333333333333 0.06444444444444444 0.06
3 0.42444444444444446 0.35 0.07111111111111111 0.04
