2 0.19875 0.5714285714285714 0.1175 0.07722007722007722
2 0.20125 0.6805019305019305 0.1175 0.07915057915057915
2 0.19625 0.7837837837837838 0.1275 0.08108108108108109
2 0.20375 0.888030888030888 0.1125 0.08494208494208494
2 0.31125 0.5733590733590733 0.1075 0.08494208494208494
2 0.31375 0.6805019305019305 0.1075 0.08301158301158301
2 0.31125 0.7808880308880309 0.1175 0.09073359073359073
2 0.315 0.887065637065637 0.11 0.09073359073359073
2 0.44375 0.5762548262548263 0.1075 0.07915057915057915
2 0.45 0.6737451737451737 0.115 0.07722007722007722
2 0.4525 0.7857142857142857 0.105 0.09652509652509653
2 0.8 0.5723938223938224 0.12 0.08687258687258688
2 0.8 0.6785714285714286 0.11 0.09073359073359073
2 0.79875 0.7828185328185329 0.1175 0.08687258687258688
2 0.8 0.8822393822393823 0.12 0.08108108108108109
2 0.69125 0.887065637065637 0.1175 0.09073359073359073
2 0.6875 0.7837837837837838 0.115 0.07722007722007722
2 0.68875 0.6805019305019305 0.1175 0.08687258687258688
2 0.68625 0.5743243243243243 0.1125 0.08687258687258688
2 0.55625 0.5646718146718147 0.1125 0.09073359073359073
2 0.5575 0.6766409266409267 0.115 0.09073359073359073
2 0.5575 0.7808880308880309 0.115 0.09845559845559845
2 0.56 0.8822393822393823 0.13 0.09652509652509653
2 0.44875 0.888996138996139 0.1025 0.09073359073359073
