2 0.3949511400651466 0.41452991452991456 0.0993485342019544 0.06227106227106227
1 0.6343648208469055 0.49511599511599513 0.08631921824104234 0.07692307692307693
3 0.20195439739413681 0.2588522588522589 0.05211726384364821 0.029304029304029304
3 0.2972312703583062 0.3363858363858364 0.06677524429967427 0.047619047619047616
3 0.5203583061889251 0.2576312576312576 0.08957654723127036 0.0463980463980464
3 0.5293159609120521 0.3339438339438339 0.06840390879478828 0.047619047619047616
3 0.7361563517915309 0.3333333333333333 0.06188925081433225 0.03663003663003663
3 0.8501628664495114 0.2661782661782662 0.03257328990228013 0.04884004884004884
3 0.8908794788273615 0.49572649572649574 0.05211726384364821 0.05860805860805861
3 0.7662866449511401 0.49755799755799757 0.057003257328990226 0.042735042735042736
3 0.6302931596091205 0.4188034188034188 0.06514657980456026 0.04151404151404151
3 0.5228013029315961 0.416971916971917 0.06188925081433225 0.03785103785103785
3 0.3998371335504886 0.4987789987789988 0.06677524429967427 0.03540903540903541
3 0.3933224755700326 0.5891330891330891 0.06026058631921824 0.057387057387057384
3 0.5195439739413681 0.5958485958485958 0.0781758957654723 0.029304029304029304
3 0.6384364820846905 0.5824175824175825 0.03908794788273615 0.031746031746031744
3 0.7809446254071661 0.6782661782661783 0.06026058631921824 0.042735042735042736
3 0.9104234527687296 0.7716727716727717 0.06514657980456026 0.03418803418803419
3 0.5244299674267101 0.6855921855921856 0.08143322475570032 0.05982905982905983
3 0.5154723127035831 0.775946275946276 0.07003257328990228 0.03785103785103785
3 0.26384364820846906 0.6752136752136753 0.05537459283387622 0.04151404151404151
3 0.2776872964169381 0.4981684981684982 0.03420195439739414 0.04151404151404151
3 0.16530944625407165 0.4938949938949939 0.057003257328990226 0.042735042735042736
3 0.1482084690553746 0.7851037851037851 0.06188925081433225 0.05128205128205128
0 0.5358306188925082 0.5244200244200244 0.9087947882736156 0.6874236874236874
