2 0.6983333333333334 0.4444444444444444 0.056666666666666664 0.07936507936507936
2 0.6275 0.4642857142857143 0.058333333333333334 0.0873015873015873
2 0.6958333333333333 0.14682539682539683 0.055 0.082010582010582
2 0.85 0.23148148148148148 0.05333333333333334 0.06084656084656084
2 0.8558333333333333 0.3055555555555556 0.065 0.05026455026455026
2 0.9483333333333334 0.4656084656084656 0.05 0.08994708994708994
1 0.2975 0.14814814814814814 0.07166666666666667 0.09523809523809523
1 0.3 0.4470899470899471 0.06 0.10582010582010581
1 0.37416666666666665 0.46296296296296297 0.06166666666666667 0.10582010582010581
1 0.8475 0.5873015873015873 0.058333333333333334 0.08994708994708994
1 0.8433333333333334 0.671957671957672 0.06666666666666667 0.08994708994708994
1 0.05 0.3584656084656085 0.05333333333333334 0.082010582010582
1 0.059166666666666666 0.43386243386243384 0.06166666666666667 0.07936507936507936
1 0.060833333333333336 0.5595238095238095 0.058333333333333334 0.0873015873015873
1 0.115 0.5383597883597884 0.056666666666666664 0.07671957671957672
3 0.5008333333333334 0.25396825396825395 0.045 0.0582010582010582
3 0.5016666666666667 0.1349206349206349 0.043333333333333335 0.07407407407407407
3 0.44416666666666665 0.36507936507936506 0.03166666666666667 0.06878306878306878
3 0.5591666666666667 0.3584656084656085 0.03166666666666667 0.06084656084656084
3 0.6275 0.24338624338624337 0.03833333333333333 0.047619047619047616
3 0.625 0.6428571428571429 0.03333333333333333 0.06349206349206349
3 0.49833333333333335 0.6534391534391535 0.043333333333333335 0.06349206349206349
3 0.5041666666666667 0.5502645502645502 0.035 0.06349206349206349
3 0.565 0.44576719576719576 0.03 0.04497354497354497
3 0.445 0.5396825396825397 0.03333333333333333 0.047619047619047616
3 0.43833333333333335 0.4470899470899471 0.03 0.05291005291005291
3 0.37333333333333335 0.6468253968253969 0.023333333333333334 0.03968253968253968
3 0.5 0.75 0.03666666666666667 0.05026455026455026
3 0.69 0.7473544973544973 0.03666666666666667 0.05555555555555555
3 0.30666666666666664 0.75 0.043333333333333335 0.06084656084656084
3 0.375 0.25396825396825395 0.04 0.0582010582010582
