2 0.52 0.3333333333333333 0.1 0.09973753280839895
2 0.7725 0.4881889763779528 0.1 0.09973753280839895
2 0.88625 0.484251968503937 0.0925 0.10761154855643044
2 0.49875 0.6246719160104987 0.1025 0.10498687664041995
2 0.37125 0.49081364829396323 0.0975 0.09973753280839895
2 0.37125 0.6167979002624672 0.1025 0.09973753280839895
2 0.12875 0.9146981627296588 0.1175 0.09186351706036745
1 0.7475 0.7650918635170604 0.115 0.09711286089238845
1 0.90625 0.89501312335958 0.1025 0.11548556430446194
1 0.48875 0.8963254593175853 0.1125 0.11286089238845144
1 0.36375 0.3543307086614173 0.1075 0.11023622047244094
1 0.63 0.35170603674540685 0.1 0.11023622047244094
1 0.7575 0.23097112860892388 0.105 0.12073490813648294
1 0.23875 0.47506561679790027 0.1075 0.11548556430446194
1 0.1025 0.48293963254593175 0.105 0.11023622047244094
3 0.87 0.0984251968503937 0.065 0.06561679790026247
3 0.50125 0.09186351706036745 0.0725 0.05774278215223097
3 0.4975 0.2178477690288714 0.075 0.06299212598425197
3 0.24875 0.22440944881889763 0.0625 0.06561679790026247
3 0.13 0.0984251968503937 0.065 0.05511811023622047
3 0.2475 0.7506561679790026 0.07 0.05774278215223097
3 0.50625 0.7598425196850394 0.0875 0.06036745406824147
3 0.6275 0.6207349081364829 0.045 0.06036745406824147
