2 0.48615635179153094 0.7448107448107448 0.08631921824104234 0.06837606837606838
1 0.25977198697068404 0.33516483516483514 0.0732899022801303 0.03785103785103785
3 0.19381107491856678 0.28144078144078144 0.04560260586319218 0.030525030525030524
3 0.503257328990228 0.2606837606837607 0.05863192182410423 0.030525030525030524
3 0.8094462540716613 0.25274725274725274 0.05863192182410423 0.031746031746031744
3 0.497557003257329 0.3302808302808303 0.06677524429967427 0.03785103785103785
3 0.7100977198697068 0.32173382173382176 0.05211726384364821 0.047619047619047616
3 0.8363192182410424 0.4706959706959707 0.050488599348534204 0.040293040293040296
3 0.7288273615635179 0.47802197802197804 0.03745928338762215 0.03540903540903541
3 0.5895765472312704 0.40964590964590963 0.0749185667752443 0.042735042735042736
3 0.6017915309446255 0.47619047619047616 0.06026058631921824 0.03907203907203907
3 0.5969055374592834 0.5573870573870574 0.05374592833876222 0.045177045177045176
3 0.49022801302931596 0.3992673992673993 0.05863192182410423 0.03663003663003663
3 0.3737785016286645 0.41452991452991456 0.0732899022801303 0.030525030525030524
3 0.3778501628664495 0.4926739926739927 0.06514657980456026 0.054945054945054944
3 0.3786644951140065 0.5763125763125763 0.08631921824104234 0.03418803418803419
3 0.499185667752443 0.5726495726495726 0.0732899022801303 0.05128205128205128
3 0.48697068403908794 0.6550671550671551 0.05863192182410423 0.03296703296703297
3 0.7361563517915309 0.6440781440781441 0.08143322475570032 0.03296703296703297
3 0.8949511400651465 0.746031746031746 0.08957654723127036 0.04151404151404151
3 0.254885993485342 0.6605616605616605 0.05374592833876222 0.031746031746031744
3 0.26465798045602607 0.48412698412698413 0.043973941368078175 0.042735042735042736
3 0.16775244299674266 0.4932844932844933 0.06188925081433225 0.04884004884004884
3 0.15309446254071662 0.76007326007326 0.08143322475570032 0.050061050061050064
