0 0.55625 0.4890625 0.7708333333333334 0.60625
1 0.27291666666666664 0.53125 0.0875 0.08125
1 0.7010416666666667 0.6078125 0.07708333333333334 0.05625
1 0.6114583333333333 0.7546875 0.08125 0.0625
1 0.8125 0.6625 0.06666666666666667 0.05
2 0.603125 0.3578125 0.08541666666666667 0.078125
2 0.50625 0.4421875 0.09583333333333334 0.065625
2 0.496875 0.5359375 0.09375 0.06875
2 0.5041666666666667 0.63828125 0.09166666666666666 0.0609375
2 0.7083333333333334 0.51875 0.06666666666666667 0.065625
3 0.259375 0.25546875 0.04791666666666667 0.0453125
3 0.39791666666666664 0.36484375 0.08333333333333333 0.0609375
3 0.38958333333333334 0.5359375 0.07083333333333333 0.05
3 0.4010416666666667 0.71015625 0.07291666666666667 0.0484375
3 0.28854166666666664 0.79609375 0.06875 0.0484375
3 0.6114583333333333 0.68828125 0.06875 0.0328125
3 0.6145833333333334 0.615625 0.075 0.0375
3 0.7885416666666667 0.52421875 0.05625 0.0453125
3 0.8708333333333333 0.521875 0.0625 0.05
3 0.8708333333333333 0.72734375 0.058333333333333334 0.0359375
3 0.8708333333333333 0.28125 0.06666666666666667 0.053125
3 0.7895833333333333 0.365625 0.06666666666666667 0.046875
3 0.6916666666666667 0.4515625 0.058333333333333334 0.046875
3 0.6041666666666666 0.4515625 0.05 0.028125
3 0.603125 0.278125 0.05625 0.04375
