0 0.5 0.51796875 0.9 0.7203125
1 0.17291666666666666 0.534375 0.1 0.090625
1 0.5677083333333334 0.703125 0.10208333333333333 0.065625
1 0.5677083333333334 0.78203125 0.09375 0.0546875
1 0.665625 0.609375 0.07291666666666667 0.071875
2 0.4322916666666667 0.53203125 0.08541666666666667 0.0765625
2 0.44583333333333336 0.64921875 0.0875 0.0609375
2 0.55625 0.609375 0.07916666666666666 0.053125
2 0.6625 0.43984375 0.075 0.0578125
2 0.6666666666666666 0.525 0.07916666666666666 0.0625
3 0.16354166666666667 0.23359375 0.08958333333333333 0.0546875
3 0.3020833333333333 0.34296875 0.09166666666666666 0.0671875
3 0.5375 0.2453125 0.0875 0.0625
3 0.8479166666666667 0.253125 0.06666666666666667 0.05625
3 0.75625 0.340625 0.05 0.040625
3 0.540625 0.33671875 0.06458333333333334 0.0515625
3 0.4375 0.4515625 0.0625 0.04375
3 0.5458333333333333 0.4390625 0.07083333333333333 0.040625
3 0.32083333333333336 0.53984375 0.075 0.0546875
3 0.334375 0.725 0.07708333333333334 0.05625
3 0.21354166666666666 0.82734375 0.08125 0.0546875
3 0.765625 0.67734375 0.06875 0.0359375
3 0.8583333333333333 0.74296875 0.0625 0.0453125
3 0.8572916666666667 0.51015625 0.052083333333333336 0.0484375
3 0.7604166666666666 0.51796875 0.06666666666666667 0.0359375
