0 0.533203125 0.5087890625 0.591796875 0.982421875
1 0.515625 0.1083984375 0.0478515625 0.083984375
1 0.5263671875 0.2646484375 0.0595703125 0.1005859375
1 0.4482421875 0.3798828125 0.0693359375 0.0927734375
1 0.376953125 0.533203125 0.044921875 0.0947265625
1 0.3017578125 0.5263671875 0.0419921875 0.103515625
1 0.4501953125 0.7099609375 0.0478515625 0.095703125
1 0.6279296875 0.7177734375 0.048828125 0.0810546875
1 0.697265625 0.5068359375 0.044921875 0.08984375
1 0.552734375 0.9345703125 0.0498046875 0.087890625
2 0.6787109375 0.265625 0.0634765625 0.1103515625
2 0.30078125 0.154296875 0.0595703125 0.1064453125
2 0.36328125 0.2646484375 0.064453125 0.1220703125
2 0.4482421875 0.515625 0.05859375 0.1142578125
2 0.5283203125 0.3623046875 0.0595703125 0.08984375
2 0.646484375 0.5283203125 0.0615234375 0.1015625
2 0.7626953125 0.5048828125 0.064453125 0.0888671875
2 0.5341796875 0.736328125 0.060546875 0.0830078125
2 0.3095703125 0.93359375 0.0693359375 0.1025390625
3 0.3818359375 0.828125 0.0380859375 0.06640625
3 0.54296875 0.80859375 0.0302734375 0.052734375
3 0.7001953125 0.7880859375 0.0380859375 0.05859375
3 0.78125 0.916015625 0.0361328125 0.064453125
3 0.6328125 0.3603515625 0.0302734375 0.0517578125
3 0.75390625 0.08984375 0.0439453125 0.0634765625