3 112.34376 173.54626 132.77307 194.7002 0.8935329
3 273.88193 74.249954 296.3549 95.976974 0.8936515
3 65.2458 280.99457 86.54755 300.92648 0.8850869
3 170.20827 121.75646 191.01099 143.63797 0.93177426
3 112.53367 123.41612 133.0625 147.26804 0.87280524
3 171.72554 70.05997 191.73741 89.23306 0.91077507
3 65.30703 69.757774 82.974 94.105484 0.84230864
3 16.98931 170.60399 36.306217 193.19002 0.8335054
3 213.88588 123.63194 235.91455 147.33984 0.8902918
3 164.03171 280.4705 192.63086 299.72382 0.9175047
3 167.59872 228.30069 189.64046 249.30737 0.88921285
3 111.817024 228.91866 138.8801 250.94478 0.899227
3 15.450021 333.4228 38.40977 352.0576 0.8355582
3 219.2171 173.28477 239.01122 198.0871 0.8610574
3 167.84467 332.8063 185.83504 350.75464 0.9197869
3 334.77127 330.179 353.99112 357.6404 0.85249555
3 64.25368 175.91919 86.49781 193.78256 0.8889899
3 327.6852 171.62404 347.98312 195.88405 0.86203516
3 272.31775 279.03195 296.27988 300.6691 0.8443872
3 216.80428 223.0334 239.33287 245.06866 0.8179908
3 274.51813 176.26474 297.198 197.51346 0.8710439
3 169.97441 22.461359 193.44966 40.328495 0.8460119
3 329.41336 19.938284 349.76022 41.954933 0.750457
3 19.567656 19.819857 39.50419 41.49993 0.82004404
