3 17.653608 19.783972 48.295555 46.654095 0.9988533
3 180.27037 19.565872 210.3661 43.75671 0.9978448
3 65.16662 75.18043 95.25606 101.85544 0.9992071
3 180.46944 73.94711 208.25806 97.591415 0.99549085
3 286.10477 74.584984 314.52225 100.6653 0.99833876
3 177.87227 126.627205 207.81755 154.51646 0.9974526
3 118.348335 132.82275 147.02316 157.33487 0.9985213
3 227.55048 132.09203 255.49724 157.90504 0.9974631
3 16.591764 181.72583 44.299477 211.80864 0.99782085
3 67.33786 184.01364 95.2432 212.40407 0.99707115
3 116.060234 185.07703 144.2553 212.13315 0.99536
3 230.96089 184.04518 259.03726 210.5233 0.9971217
3 289.32028 182.1913 319.29315 211.9472 0.9976525
3 347.2288 182.5779 376.2571 211.12929 0.9977802
3 227.94261 238.37955 257.2008 262.39886 0.9970222
3 118.30904 241.17531 148.45255 266.43286 0.99561656
3 174.73448 240.36511 207.30336 268.40253 0.9976679
3 347.51804 18.717579 374.74374 47.183243 0.9964191
3 66.08284 294.9743 94.45701 324.44873 0.9964787
3 176.4916 298.47623 206.38416 324.10547 0.9967263
3 286.7744 296.0728 318.3662 323.12762 0.9958074
3 17.952782 352.00378 47.259636 379.4355 0.99675393
3 175.21474 352.64777 205.8348 379.32175 0.9978415
3 348.7147 352.39453 376.87027 378.17108 0.9915686
0 18.872982 -7.4072294 357.34024 378.11432 0.9959385
0 19.227947 9.089069 356.1309 397.7038 0.9946805
